Confirmed,Recovered,Deaths,Date_last_updated_AEDT,date_day,New,DayElapsed,New_death
1203,704,38,2020-04-06 22:00:00,2020-04-06,0,21,0
1203,704,38,2020-04-05 22:00:00,2020-04-05,29,20,3
1174,673,35,2020-04-04 21:00:00,2020-04-04,53,19,4
1121,641,31,2020-04-03 21:00:00,2020-04-03,55,18,6
1066,606,25,2020-04-02 21:00:00,2020-04-02,53,17,1
1013,4,24,2020-04-01 21:00:00,2020-04-01,43,16,5
970,4,19,2020-03-31 21:00:00,2020-03-31,86,15,2
884,4,17,2020-03-30 21:00:00,2020-03-30,0,14,0
884,4,17,2020-03-29 21:00:00,2020-03-29,92,13,1
792,4,16,2020-03-28 21:00:00,2020-03-28,67,12,2
725,4,14,2020-03-27 21:10:00,2020-03-27,66,11,0
659,4,14,2020-03-26 22:20:00,2020-03-26,42,10,1
617,4,13,2020-03-25 23:20:00,2020-03-25,145,9,0
472,4,13,2020-03-24 21:20:00,2020-03-24,48,8,3
424,4,10,2020-03-23 21:40:00,2020-03-23,0,7,0
424,4,10,2020-03-22 21:00:00,2020-03-22,76,6,2
348,4,8,2020-03-21 21:00:00,2020-03-21,77,5,0
271,4,8,2020-03-20 21:20:00,2020-03-20,40,4,1
231,4,7,2020-03-19 21:30:00,2020-03-19,45,3,0
186,4,7,2020-03-18 22:00:00,2020-03-18,83,2,3
103,4,4,2020-03-17 21:00:00,2020-03-17,30,1,3
73,4,1,2020-03-16 21:00:00,2020-03-16,0,0,0
73,4,1,2020-03-15 21:00:00,2020-03-15,9,0,0
64,4,1,2020-03-14 21:00:00,2020-03-14,11,0,0
53,3,1,2020-03-13 21:00:00,2020-03-13,7,0,0
46,3,1,2020-03-12 21:00:00,2020-03-12,7,0,0
39,3,1,2020-03-11 21:00:00,2020-03-11,7,0,0
32,3,1,2020-03-10 21:00:00,2020-03-10,5,0,1
27,3,0,2020-03-09 21:00:00,2020-03-09,0,0,0
27,3,0,2020-03-08 21:00:00,2020-03-08,6,0,0
21,3,0,2020-03-07 21:00:00,2020-03-07,0,0,0
21,3,0,2020-03-06 21:00:00,2020-03-06,8,0,0
13,3,0,2020-03-05 21:00:00,2020-03-05,1,0,0
12,3,0,2020-03-04 21:00:00,2020-03-04,4,0,0
8,3,0,2020-03-03 21:00:00,2020-03-03,0,0,0
8,3,0,2020-03-02 21:00:00,2020-03-02,0,0,0
8,3,0,2020-03-01 21:00:00,2020-03-01,1,0,0
7,3,0,2020-02-29 21:00:00,2020-02-29,0,0,0
7,0,0,2020-02-28 21:00:00,2020-02-28,0,0,0
7,0,0,2020-02-27 21:00:00,2020-02-27,1,0,0
6,0,0,2020-02-26 21:00:00,2020-02-26,0,0,0
6,0,0,2020-02-25 21:00:00,2020-02-25,0,0,0
6,0,0,2020-02-24 21:00:00,2020-02-24,0,0,0
6,0,0,2020-02-23 21:00:00,2020-02-23,0,0,0
6,0,0,2020-02-22 21:00:00,2020-02-22,0,0,0
6,0,0,2020-02-21 21:00:00,2020-02-21,1,0,0
5,0,0,2020-02-20 21:00:00,2020-02-20,0,0,0
5,0,0,2020-02-19 21:00:00,2020-02-19,0,0,0
5,0,0,2020-02-18 21:00:00,2020-02-18,0,0,0
5,0,0,2020-02-17 21:00:00,2020-02-17,0,0,0
5,0,0,2020-02-16 21:00:00,2020-02-16,0,0,0
5,0,0,2020-02-15 21:00:00,2020-02-15,1,0,0
4,0,0,2020-02-14 21:00:00,2020-02-14,0,0,0
4,0,0,2020-02-13 21:00:00,2020-02-13,0,0,0
4,0,0,2020-02-12 21:00:00,2020-02-12,0,0,0
4,0,0,2020-02-11 20:30:00,2020-02-11,0,0,0
4,0,0,2020-02-10 21:00:00,2020-02-10,0,0,0
4,0,0,2020-02-09 21:00:00,2020-02-09,0,0,0
4,0,0,2020-02-08 21:00:00,2020-02-08,0,0,0
4,0,0,2020-02-07 21:00:00,2020-02-07,2,0,0
2,0,0,2020-02-06 21:00:00,2020-02-06,1,0,0
1,0,0,2020-02-05 21:00:00,2020-02-05,0,0,0
1,0,0,2020-02-04 20:00:00,2020-02-04,0,0,0
1,0,0,2020-02-03 20:00:00,2020-02-03,0,0,0
1,0,0,2020-02-02 20:00:00,2020-02-02,0,0,0
1,0,0,2020-02-01 10:00:00,2020-02-01,0,0,0
1,0,0,2020-01-31 12:30:00,2020-01-31,0,0,0
1,0,0,2020-01-30 12:00:00,2020-01-30,0,0,0
1,0,0,2020-01-29 14:00:00,2020-01-29,1,0,0
0,0,0,2020-01-28 11:30:00,2020-01-28,0,0,0
0,0,0,2020-01-27 14:00:00,2020-01-27,0,0,0
0,0,0,2020-01-26 13:00:00,2020-01-26,0,0,0
0,0,0,2020-01-25 15:00:00,2020-01-25,0,0,0
0,0,0,2020-01-24 15:00:00,2020-01-24,0,0,0
0,0,0,2020-01-23 15:00:00,2020-01-23,0,0,0
0,0,0,2020-01-22 15:00:00,2020-01-22,0,0,0
0,0,0,2020-01-21 15:00:00,2020-01-21,0,0,0
