Confirmed,Recovered,Deaths,Date_last_updated_AEDT,date_day,New,DayElapsed,New_death
1182,125,15,2020-04-06 22:00:00,2020-04-06,56,19,3
1126,119,12,2020-04-05 22:00:00,2020-04-05,47,18,0
1079,92,12,2020-04-04 21:00:00,2020-04-04,68,17,5
1011,88,7,2020-04-03 21:00:00,2020-04-03,48,16,1
963,73,6,2020-04-02 21:00:00,2020-04-02,96,15,0
867,67,6,2020-04-01 21:00:00,2020-04-01,77,14,0
790,67,6,2020-03-31 21:00:00,2020-03-31,75,13,0
715,55,6,2020-03-30 21:00:00,2020-03-30,58,12,1
657,45,5,2020-03-29 21:00:00,2020-03-29,22,11,1
635,45,4,2020-03-28 21:00:00,2020-03-28,84,10,1
551,37,3,2020-03-27 21:10:00,2020-03-27,70,9,2
481,22,1,2020-03-26 22:20:00,2020-03-26,63,8,0
418,16,1,2020-03-25 23:20:00,2020-03-25,57,7,0
361,5,1,2020-03-24 21:20:00,2020-03-24,55,6,0
306,5,1,2020-03-23 21:40:00,2020-03-23,100,5,0
206,5,1,2020-03-22 21:00:00,2020-03-22,38,4,0
168,5,1,2020-03-21 21:00:00,2020-03-21,55,3,0
113,5,1,2020-03-20 21:20:00,2020-03-20,11,2,0
102,5,1,2020-03-19 21:30:00,2020-03-19,21,1,1
81,5,0,2020-03-18 22:00:00,2020-03-18,16,0,0
65,4,0,2020-03-17 21:00:00,2020-03-17,9,0,0
56,3,0,2020-03-16 21:00:00,2020-03-16,10,0,0
46,2,0,2020-03-15 21:00:00,2020-03-15,9,0,0
37,1,0,2020-03-14 21:00:00,2020-03-14,6,0,0
31,1,0,2020-03-13 21:00:00,2020-03-13,12,0,0
19,0,0,2020-03-12 21:00:00,2020-03-12,4,0,0
15,0,0,2020-03-11 21:00:00,2020-03-11,2,0,0
13,0,0,2020-03-10 21:00:00,2020-03-10,1,0,0
12,0,0,2020-03-09 21:00:00,2020-03-09,0,0,0
12,0,0,2020-03-08 21:00:00,2020-03-08,1,0,0
11,0,0,2020-03-07 21:00:00,2020-03-07,1,0,0
10,0,0,2020-03-06 21:00:00,2020-03-06,0,0,0
10,0,0,2020-03-05 21:00:00,2020-03-05,1,0,0
9,0,0,2020-03-04 21:00:00,2020-03-04,1,0,0
8,0,0,2020-03-03 21:00:00,2020-03-03,0,0,0
8,0,0,2020-03-02 21:00:00,2020-03-02,2,0,0
6,0,0,2020-03-01 21:00:00,2020-03-01,1,0,0
5,0,0,2020-02-29 21:00:00,2020-02-29,0,0,0
5,0,0,2020-02-28 21:00:00,2020-02-28,2,0,0
3,0,0,2020-02-27 21:00:00,2020-02-27,1,0,0
2,0,0,2020-02-26 21:00:00,2020-02-26,2,0,0
0,0,0,2020-02-25 21:00:00,2020-02-25,0,0,0
0,0,0,2020-02-24 21:00:00,2020-02-24,0,0,0
0,0,0,2020-02-23 21:00:00,2020-02-23,0,0,0
0,0,0,2020-02-22 21:00:00,2020-02-22,0,0,0
0,0,0,2020-02-21 21:00:00,2020-02-21,0,0,0
0,0,0,2020-02-20 21:00:00,2020-02-20,0,0,0
0,0,0,2020-02-19 21:00:00,2020-02-19,0,0,0
0,0,0,2020-02-18 21:00:00,2020-02-18,0,0,0
0,0,0,2020-02-17 21:00:00,2020-02-17,0,0,0
0,0,0,2020-02-16 21:00:00,2020-02-16,0,0,0
0,0,0,2020-02-15 21:00:00,2020-02-15,0,0,0
0,0,0,2020-02-14 21:00:00,2020-02-14,0,0,0
0,0,0,2020-02-13 21:00:00,2020-02-13,0,0,0
0,0,0,2020-02-12 21:00:00,2020-02-12,0,0,0
0,0,0,2020-02-11 20:30:00,2020-02-11,0,0,0
0,0,0,2020-02-10 21:00:00,2020-02-10,0,0,0
0,0,0,2020-02-09 21:00:00,2020-02-09,0,0,0
0,0,0,2020-02-08 21:00:00,2020-02-08,0,0,0
0,0,0,2020-02-07 21:00:00,2020-02-07,0,0,0
0,0,0,2020-02-06 21:00:00,2020-02-06,0,0,0
0,0,0,2020-02-05 21:00:00,2020-02-05,0,0,0
0,0,0,2020-02-04 20:00:00,2020-02-04,0,0,0
0,0,0,2020-02-03 20:00:00,2020-02-03,0,0,0
0,0,0,2020-02-02 20:00:00,2020-02-02,0,0,0
0,0,0,2020-02-01 10:00:00,2020-02-01,0,0,0
0,0,0,2020-01-31 12:30:00,2020-01-31,0,0,0
0,0,0,2020-01-30 12:00:00,2020-01-30,0,0,0
0,0,0,2020-01-29 14:00:00,2020-01-29,0,0,0
0,0,0,2020-01-28 11:30:00,2020-01-28,0,0,0
0,0,0,2020-01-27 14:00:00,2020-01-27,0,0,0
0,0,0,2020-01-26 13:00:00,2020-01-26,0,0,0
0,0,0,2020-01-25 15:00:00,2020-01-25,0,0,0
0,0,0,2020-01-24 15:00:00,2020-01-24,0,0,0
0,0,0,2020-01-23 15:00:00,2020-01-23,0,0,0
0,0,0,2020-01-22 15:00:00,2020-01-22,0,0,0
0,0,0,2020-01-21 15:00:00,2020-01-21,0,0,0
