Confirmed,Deaths,New,New_death,New_recover,Recovered,Date_last_updated_AEDT,date_day,DayElapsed
743798,61164,22188,2627,15493,168046,2020-04-09 09:00:00,2020-04-09,47
721610,58537,38950,4895,10748,152553,2020-04-08 22:00:00,2020-04-08,46
682660,53642,30200,3729,14545,141805,2020-04-07 22:00:00,2020-04-07,45
652460,49913,28875,2996,8162,127260,2020-04-06 22:00:00,2020-04-06,44
623585,46917,36837,3904,11283,119098,2020-04-05 22:00:00,2020-04-05,43
586748,43013,54455,4136,10691,107815,2020-04-04 21:00:00,2020-04-04,42
532293,38877,35215,4374,11969,97124,2020-04-03 21:00:00,2020-04-03,41
497078,34503,37259,3482,13328,85155,2020-04-02 21:00:00,2020-04-02,40
459819,31021,35329,3275,10376,71827,2020-04-01 21:00:00,2020-04-01,39
424490,27746,31876,2873,9952,61451,2020-03-31 21:00:00,2020-03-31,38
392614,24873,28072,2512,5856,51499,2020-03-30 21:00:00,2020-03-30,37
364542,22361,33803,2703,6389,45643,2020-03-29 21:00:00,2020-03-29,36
330739,19658,41676,3157,8585,39254,2020-03-28 21:00:00,2020-03-28,35
289063,16501,28620,1795,5326,30669,2020-03-27 21:10:00,2020-03-27,34
260443,14706,29715,1852,3590,25343,2020-03-26 22:20:00,2020-03-26,33
230728,12854,28250,2075,6797,21753,2020-03-25 23:20:00,2020-03-25,32
202478,10779,24897,1510,1225,14956,2020-03-24 21:20:00,2020-03-24,31
177581,9269,25851,1769,3013,13731,2020-03-23 21:40:00,2020-03-23,30
151730,7500,16210,1114,1159,10718,2020-03-22 21:00:00,2020-03-22,29
135520,6386,21218,1177,1658,9559,2020-03-21 21:00:00,2020-03-21,28
114302,5209,20266,1005,1826,7901,2020-03-20 21:20:00,2020-03-20,27
94036,4204,13533,695,1177,6075,2020-03-19 21:30:00,2020-03-19,26
80503,3509,13520,689,1392,4898,2020-03-18 22:00:00,2020-03-18,25
66983,2820,9617,468,499,3506,2020-03-17 21:00:00,2020-03-17,24
57366,2352,10211,537,366,3007,2020-03-16 21:00:00,2020-03-16,23
47155,1815,8299,272,888,2641,2020-03-15 21:00:00,2020-03-15,22
38856,1543,7841,335,219,1753,2020-03-14 21:00:00,2020-03-14,21
31015,1208,7151,246,222,1534,2020-03-13 21:00:00,2020-03-13,20
23864,962,5038,244,100,1312,2020-03-12 21:00:00,2020-03-12,19
18826,718,3184,178,388,1212,2020-03-11 21:00:00,2020-03-11,18
15642,540,2930,129,102,824,2020-03-10 21:00:00,2020-03-10,17
12712,411,2882,147,37,722,2020-03-09 21:00:00,2020-03-09,16
9830,264,2193,45,91,685,2020-03-08 21:00:00,2020-03-08,15
7637,219,1602,58,119,594,2020-03-07 21:00:00,2020-03-07,14
6035,161,1495,46,151,475,2020-03-06 21:00:00,2020-03-06,13
4540,115,1081,31,117,324,2020-03-05 21:00:00,2020-03-05,12
3459,84,703,29,14,207,2020-03-04 21:00:00,2020-03-04,11
2756,55,506,12,66,193,2020-03-03 21:00:00,2020-03-03,10
2250,43,765,12,34,127,2020-03-02 21:00:00,2020-03-02,9
1485,31,324,8,5,93,2020-03-01 21:00:00,2020-03-01,8
1161,23,324,4,2,88,2020-02-29 21:00:00,2020-02-29,7
837,19,270,5,43,86,2020-02-28 21:00:00,2020-02-28,6
567,14,142,1,1,43,2020-02-27 21:00:00,2020-02-27,5
425,13,106,5,2,42,2020-02-26 21:00:00,2020-02-26,4
319,8,56,3,1,40,2020-02-25 21:00:00,2020-02-25,3
263,5,102,2,0,39,2020-02-24 21:00:00,2020-02-24,2
161,3,83,0,3,39,2020-02-23 21:00:00,2020-02-23,1
78,3,28,2,2,36,2020-02-22 21:00:00,2020-02-22,0
50,1,3,0,4,34,2020-02-21 21:00:00,2020-02-21,0
47,1,0,0,0,30,2020-02-20 21:00:00,2020-02-20,0
47,1,0,0,3,30,2020-02-19 21:00:00,2020-02-19,0
47,1,0,0,7,27,2020-02-18 21:00:00,2020-02-18,0
47,1,0,0,0,20,2020-02-17 21:00:00,2020-02-17,0
47,1,1,0,9,20,2020-02-16 21:00:00,2020-02-16,0
46,1,0,1,4,11,2020-02-15 21:00:00,2020-02-15,0
46,0,0,0,1,7,2020-02-14 21:00:00,2020-02-14,0
46,0,1,0,4,6,2020-02-13 21:00:00,2020-02-13,0
45,0,2,0,1,2,2020-02-12 21:00:00,2020-02-12,0
43,0,0,0,0,1,2020-02-11 20:30:00,2020-02-11,0
43,0,6,0,0,1,2020-02-10 21:00:00,2020-02-10,0
37,0,0,0,0,1,2020-02-09 21:00:00,2020-02-09,0
37,0,6,0,0,1,2020-02-08 21:00:00,2020-02-08,0
31,0,3,0,0,1,2020-02-07 21:00:00,2020-02-07,0
28,0,0,0,1,1,2020-02-06 21:00:00,2020-02-06,0
28,0,1,0,0,0,2020-02-05 21:00:00,2020-02-05,0
27,0,2,0,0,0,2020-02-04 20:00:00,2020-02-04,0
25,0,2,0,0,0,2020-02-03 20:00:00,2020-02-03,0
23,0,1,0,0,0,2020-02-02 20:00:00,2020-02-02,0
22,0,10,0,0,0,2020-02-01 10:00:00,2020-02-01,0
12,0,2,0,0,0,2020-01-31 12:30:00,2020-01-31,0
10,0,2,0,0,0,2020-01-30 12:00:00,2020-01-30,0
8,0,4,0,0,0,2020-01-29 14:00:00,2020-01-29,0
4,0,1,0,0,0,2020-01-28 11:30:00,2020-01-28,0
3,0,0,0,0,0,2020-01-27 14:00:00,2020-01-27,0
3,0,0,0,0,0,2020-01-26 13:00:00,2020-01-26,0
3,0,3,0,0,0,2020-01-25 15:00:00,2020-01-25,0
0,0,0,0,0,0,2020-01-24 15:00:00,2020-01-24,0
0,0,0,0,0,0,2020-01-23 15:00:00,2020-01-23,0
0,0,0,0,0,0,2020-01-22 15:00:00,2020-01-22,0
0,0,0,0,0,0,2020-01-21 15:00:00,2020-01-21,0
