Confirmed,Recovered,Deaths,Date_last_updated_AEDT,date_day,New,DayElapsed,New_death
1276,1251,22,2020-04-05 22:00:00,2020-04-05,0,70,0
1276,1251,22,2020-04-04 21:00:00,2020-04-04,0,69,0
1276,1251,22,2020-04-03 21:00:00,2020-04-03,0,68,0
1276,1251,22,2020-04-02 21:00:00,2020-04-02,0,67,0
1276,1251,22,2020-04-01 21:00:00,2020-04-01,0,66,0
1276,1251,22,2020-03-31 21:00:00,2020-03-31,0,65,0
1276,1251,22,2020-03-30 21:00:00,2020-03-30,0,64,0
1276,1251,22,2020-03-29 21:00:00,2020-03-29,1,63,0
1275,1251,22,2020-03-28 21:00:00,2020-03-28,0,62,0
1275,1250,22,2020-03-27 21:10:00,2020-03-27,1,61,0
1274,1250,22,2020-03-26 22:20:00,2020-03-26,0,60,0
1274,1250,22,2020-03-25 23:20:00,2020-03-25,0,59,0
1274,1250,22,2020-03-24 21:20:00,2020-03-24,0,58,0
1274,1250,22,2020-03-23 21:40:00,2020-03-23,1,57,0
1273,1250,22,2020-03-22 21:00:00,2020-03-22,0,56,0
1273,1250,22,2020-03-21 21:00:00,2020-03-21,0,55,0
1273,1250,22,2020-03-20 21:20:00,2020-03-20,0,54,0
1273,1250,22,2020-03-19 21:30:00,2020-03-19,0,53,0
1273,1250,22,2020-03-18 22:00:00,2020-03-18,0,52,0
1273,1250,22,2020-03-17 21:00:00,2020-03-17,0,51,0
1273,1250,22,2020-03-16 21:00:00,2020-03-16,0,50,0
1273,1250,22,2020-03-15 21:00:00,2020-03-15,0,49,0
1273,1250,22,2020-03-14 21:00:00,2020-03-14,0,48,0
1273,1249,22,2020-03-13 21:00:00,2020-03-13,0,47,0
1273,1249,22,2020-03-12 21:00:00,2020-03-12,1,46,0
1272,1249,22,2020-03-11 21:00:00,2020-03-11,0,45,0
1272,1247,22,2020-03-10 21:00:00,2020-03-10,0,44,0
1272,1247,22,2020-03-09 21:00:00,2020-03-09,0,43,0
1272,1247,22,2020-03-08 21:00:00,2020-03-08,0,42,0
1272,1243,22,2020-03-07 21:00:00,2020-03-07,0,41,0
1272,1243,22,2020-03-06 21:00:00,2020-03-06,0,40,0
1272,1239,22,2020-03-05 21:00:00,2020-03-05,0,39,0
1272,1234,22,2020-03-04 21:00:00,2020-03-04,0,38,0
1272,1231,22,2020-03-03 21:00:00,2020-03-03,0,37,0
1272,1206,22,2020-03-02 21:00:00,2020-03-02,0,36,0
1272,1189,22,2020-03-01 21:00:00,2020-03-01,0,35,1
1272,1162,21,2020-02-29 21:00:00,2020-02-29,0,34,1
1272,1112,20,2020-02-28 21:00:00,2020-02-28,0,33,0
1272,1062,20,2020-02-27 21:00:00,2020-02-27,1,32,1
1271,1033,19,2020-02-26 21:00:00,2020-02-26,0,31,0
1271,990,19,2020-02-25 21:00:00,2020-02-25,0,30,0
1271,940,19,2020-02-24 21:00:00,2020-02-24,0,29,0
1271,868,19,2020-02-23 21:00:00,2020-02-23,1,28,0
1270,816,19,2020-02-22 21:00:00,2020-02-22,3,27,0
1267,723,19,2020-02-21 21:00:00,2020-02-21,2,26,0
1265,634,19,2020-02-20 21:00:00,2020-02-20,3,25,0
1262,566,19,2020-02-19 21:00:00,2020-02-19,5,24,0
1257,521,19,2020-02-18 21:00:00,2020-02-18,11,23,3
1246,498,16,2020-02-17 21:00:00,2020-02-17,15,22,3
1231,427,13,2020-02-16 21:00:00,2020-02-16,19,21,0
1212,388,13,2020-02-15 21:00:00,2020-02-15,28,20,2
1184,346,11,2020-02-14 21:00:00,2020-02-14,15,19,1
1169,286,10,2020-02-13 21:00:00,2020-02-13,34,18,2
1135,241,8,2020-02-12 21:00:00,2020-02-12,30,17,1
1105,214,7,2020-02-11 20:30:00,2020-02-11,32,16,1
1073,187,6,2020-02-10 21:00:00,2020-02-10,40,15,0
1033,137,6,2020-02-09 21:00:00,2020-02-09,52,14,2
981,105,4,2020-02-08 21:00:00,2020-02-08,67,13,1
914,70,3,2020-02-07 21:00:00,2020-02-07,63,12,1
851,59,2,2020-02-06 21:00:00,2020-02-06,87,11,0
764,47,2,2020-02-05 21:00:00,2020-02-05,89,10,0
675,20,2,2020-02-04 20:00:00,2020-02-04,109,9,0
566,14,2,2020-02-03 20:00:00,2020-02-03,73,8,0
493,4,2,2020-02-02 20:00:00,2020-02-02,141,7,0
352,3,2,2020-02-01 10:00:00,2020-02-01,0,6,0
352,3,2,2020-01-31 12:30:00,2020-01-31,74,5,0
278,2,2,2020-01-30 12:00:00,2020-01-30,72,4,0
206,1,2,2020-01-29 14:00:00,2020-01-29,38,3,1
168,0,1,2020-01-28 11:30:00,2020-01-28,40,2,0
128,0,1,2020-01-27 14:00:00,2020-01-27,45,1,0
83,0,1,2020-01-26 13:00:00,2020-01-26,51,0,1
32,0,0,2020-01-25 15:00:00,2020-01-25,23,0,0
9,0,0,2020-01-24 15:00:00,2020-01-24,4,0,0
5,0,0,2020-01-23 15:00:00,2020-01-23,0,0,0
5,0,0,2020-01-22 15:00:00,2020-01-22,4,0,0
1,0,0,2020-01-21 15:00:00,2020-01-21,0,0,0
