Confirmed,Recovered,Deaths,Date_last_updated_AEDT,date_day,New,DayElapsed,New_death
67803,64073,3212,2020-04-08 07:30:00,2020-04-08,0,79,0
67803,64073,3212,2020-04-07 22:00:00,2020-04-07,0,78,0
67803,64014,3212,2020-04-06 22:00:00,2020-04-06,0,77,2
67803,63945,3210,2020-04-05 22:00:00,2020-04-05,0,76,3
67803,63762,3207,2020-04-04 21:00:00,2020-04-04,1,75,4
67802,63612,3203,2020-04-03 21:00:00,2020-04-03,0,74,4
67802,63471,3199,2020-04-02 21:00:00,2020-04-02,1,73,12
67801,63153,3187,2020-04-01 21:00:00,2020-04-01,0,72,0
67801,63153,3187,2020-03-31 21:00:00,2020-03-31,0,71,1
67801,62882,3186,2020-03-30 21:00:00,2020-03-30,0,70,4
67801,62565,3182,2020-03-29 21:00:00,2020-03-29,0,69,5
67801,62098,3177,2020-03-28 21:00:00,2020-03-28,0,68,3
67801,61731,3174,2020-03-27 21:10:00,2020-03-27,0,67,5
67801,61201,3169,2020-03-26 22:20:00,2020-03-26,0,66,6
67801,60810,3163,2020-03-25 23:20:00,2020-03-25,0,65,3
67801,60323,3160,2020-03-24 21:20:00,2020-03-24,1,64,7
67800,59882,3153,2020-03-23 21:40:00,2020-03-23,0,63,9
67800,59433,3144,2020-03-22 21:00:00,2020-03-22,0,62,5
67800,58946,3139,2020-03-21 21:00:00,2020-03-21,0,61,6
67800,58382,3133,2020-03-20 21:20:00,2020-03-20,0,60,3
67800,57682,3130,2020-03-19 21:30:00,2020-03-19,0,59,8
67800,56886,3122,2020-03-18 22:00:00,2020-03-18,1,58,11
67799,55997,3111,2020-03-17 21:00:00,2020-03-17,1,57,12
67798,55094,3099,2020-03-16 21:00:00,2020-03-16,4,56,14
67794,54288,3085,2020-03-15 21:00:00,2020-03-15,4,55,10
67790,52960,3075,2020-03-14 21:00:00,2020-03-14,4,54,13
67786,51553,3062,2020-03-13 21:00:00,2020-03-13,5,53,6
67781,50318,3056,2020-03-12 21:00:00,2020-03-12,8,52,10
67773,49134,3046,2020-03-11 21:00:00,2020-03-11,13,51,22
67760,47741,3024,2020-03-10 21:00:00,2020-03-10,17,50,17
67743,46485,3007,2020-03-09 21:00:00,2020-03-09,36,49,21
67707,45153,2986,2020-03-08 21:00:00,2020-03-08,41,48,27
67666,43468,2959,2020-03-07 21:00:00,2020-03-07,74,47,28
67592,41966,2931,2020-03-06 21:00:00,2020-03-06,126,46,29
67466,40574,2902,2020-03-05 21:00:00,2020-03-05,134,45,31
67332,38556,2871,2020-03-04 21:00:00,2020-03-04,115,44,37
67217,36203,2834,2020-03-03 21:00:00,2020-03-03,114,43,31
67103,33762,2803,2020-03-02 21:00:00,2020-03-02,196,42,42
66907,31536,2761,2020-03-01 21:00:00,2020-03-01,570,41,34
66337,28930,2727,2020-02-29 21:00:00,2020-02-29,423,40,45
65914,26403,2682,2020-02-28 21:00:00,2020-02-28,318,39,41
65596,23370,2641,2020-02-27 21:00:00,2020-02-27,409,38,26
65187,20951,2615,2020-02-26 21:00:00,2020-02-26,401,37,52
64786,18921,2563,2020-02-25 21:00:00,2020-02-25,499,36,68
64287,16743,2495,2020-02-24 21:00:00,2020-02-24,203,35,149
64084,15327,2346,2020-02-23 21:00:00,2020-02-23,630,34,96
63454,13678,2250,2020-02-22 21:00:00,2020-02-22,1012,33,106
62442,11867,2144,2020-02-21 21:00:00,2020-02-21,411,32,115
62031,10504,2029,2020-02-20 21:00:00,2020-02-20,349,31,108
61682,9237,1921,2020-02-19 21:00:00,2020-02-19,1693,30,132
59989,7943,1789,2020-02-18 21:00:00,2020-02-18,1807,29,93
58182,6645,1696,2020-02-17 21:00:00,2020-02-17,1933,28,100
56249,5639,1596,2020-02-16 21:00:00,2020-02-16,1843,27,139
54406,4792,1457,2020-02-15 21:00:00,2020-02-15,2420,26,139
51986,3900,1318,2020-02-14 21:00:00,2020-02-14,3780,25,8
48206,3454,1310,2020-02-13 21:00:00,2020-02-13,14840,24,242
33366,2654,1068,2020-02-12 21:00:00,2020-02-12,1638,23,94
31728,2258,974,2020-02-11 20:30:00,2020-02-11,2097,22,103
29631,1822,871,2020-02-10 21:00:00,2020-02-10,2531,21,91
27100,1476,780,2020-02-09 21:00:00,2020-02-09,2147,20,81
24953,1204,699,2020-02-08 21:00:00,2020-02-08,2841,19,81
22112,840,618,2020-02-07 21:00:00,2020-02-07,2447,18,69
19665,679,549,2020-02-06 21:00:00,2020-02-06,2987,17,70
16678,533,479,2020-02-05 21:00:00,2020-02-05,3156,16,65
13522,397,414,2020-02-04 20:00:00,2020-02-04,2345,15,64
11177,295,350,2020-02-03 20:00:00,2020-02-03,2103,14,56
9074,215,294,2020-02-02 20:00:00,2020-02-02,1921,13,45
7153,169,249,2020-02-01 10:00:00,2020-02-01,1347,12,45
5806,116,204,2020-01-31 12:30:00,2020-01-31,1220,11,42
4586,90,162,2020-01-30 12:00:00,2020-01-30,1032,10,37
3554,80,125,2020-01-29 14:00:00,2020-01-29,840,9,25
2714,47,100,2020-01-28 11:30:00,2020-01-28,1291,8,24
1423,44,76,2020-01-27 14:00:00,2020-01-27,371,7,24
1052,42,52,2020-01-26 13:00:00,2020-01-26,323,6,13
729,32,39,2020-01-25 15:00:00,2020-01-25,180,5,15
549,31,24,2020-01-24 15:00:00,2020-01-24,105,4,7
444,28,17,2020-01-23 15:00:00,2020-01-23,0,3,0
444,0,17,2020-01-22 15:00:00,2020-01-22,174,2,11
270,0,6,2020-01-21 15:00:00,2020-01-21,0,1,0
