Confirmed,Recovered,Deaths,Date_last_updated_AEDT,date_day,New,DayElapsed,New_death
961,279,61,2020-04-06 18:00:00,2020-04-06,83,24,5
878,259,56,2020-04-05 22:00:00,2020-04-05,58,23,2
820,226,54,2020-04-04 21:00:00,2020-04-04,48,22,0
772,202,54,2020-04-03 21:00:00,2020-04-03,44,21,2
728,182,52,2020-04-02 21:00:00,2020-04-02,34,20,2
694,170,50,2020-04-01 21:00:00,2020-04-01,64,19,4
630,152,46,2020-03-31 21:00:00,2020-03-31,83,18,4
547,143,42,2020-03-30 21:00:00,2020-03-30,0,17,0
547,143,42,2020-03-29 21:00:00,2020-03-29,89,16,2
458,122,40,2020-03-28 21:00:00,2020-03-28,76,15,4
382,105,36,2020-03-27 21:10:00,2020-03-27,36,14,7
346,103,29,2020-03-26 22:20:00,2020-03-26,30,13,2
316,75,27,2020-03-25 23:20:00,2020-03-25,50,12,4
266,62,23,2020-03-24 21:20:00,2020-03-24,33,11,3
233,57,20,2020-03-23 21:40:00,2020-03-23,19,10,3
214,51,17,2020-03-22 21:00:00,2020-03-22,6,9,0
208,49,17,2020-03-21 21:00:00,2020-03-21,16,8,4
192,49,13,2020-03-20 21:20:00,2020-03-20,28,7,1
164,43,12,2020-03-19 21:30:00,2020-03-19,0,6,0
164,41,12,2020-03-18 22:00:00,2020-03-18,31,5,2
133,32,10,2020-03-17 21:00:00,2020-03-17,9,4,0
124,26,10,2020-03-16 21:00:00,2020-03-16,14,3,0
110,26,10,2020-03-15 21:00:00,2020-03-15,9,2,1
101,24,9,2020-03-14 21:00:00,2020-03-14,18,1,1
83,24,8,2020-03-13 21:00:00,2020-03-13,12,0,0
71,15,8,2020-03-12 21:00:00,2020-03-12,0,0,1
71,15,7,2020-03-11 21:00:00,2020-03-11,0,0,0
71,3,7,2020-03-10 21:00:00,2020-03-10,6,0,1
65,1,6,2020-03-09 21:00:00,2020-03-09,11,0,2
54,1,4,2020-03-08 21:00:00,2020-03-08,8,0,0
46,1,4,2020-03-07 21:00:00,2020-03-07,6,0,1
40,1,3,2020-03-06 21:00:00,2020-03-06,5,0,2
35,0,1,2020-03-05 21:00:00,2020-03-05,3,0,0
32,0,1,2020-03-04 21:00:00,2020-03-04,6,0,1
26,0,0,2020-03-03 21:00:00,2020-03-03,5,0,0
21,0,0,2020-03-02 21:00:00,2020-03-02,8,0,0
13,0,0,2020-03-01 21:00:00,2020-03-01,5,0,0
8,0,0,2020-02-29 21:00:00,2020-02-29,1,0,0
7,0,0,2020-02-28 21:00:00,2020-02-28,1,0,0
6,0,0,2020-02-27 21:00:00,2020-02-27,1,0,0
5,0,0,2020-02-26 21:00:00,2020-02-26,0,0,0
5,0,0,2020-02-25 21:00:00,2020-02-25,4,0,0
1,0,0,2020-02-24 21:00:00,2020-02-24,0,0,0
1,0,0,2020-02-23 21:00:00,2020-02-23,1,0,0
0,0,0,2020-02-22 21:00:00,2020-02-22,0,0,0
0,0,0,2020-02-21 21:00:00,2020-02-21,0,0,0
0,0,0,2020-02-20 21:00:00,2020-02-20,0,0,0
0,0,0,2020-02-19 21:00:00,2020-02-19,0,0,0
0,0,0,2020-02-18 21:00:00,2020-02-18,0,0,0
0,0,0,2020-02-17 21:00:00,2020-02-17,0,0,0
0,0,0,2020-02-16 21:00:00,2020-02-16,0,0,0
0,0,0,2020-02-15 21:00:00,2020-02-15,0,0,0
0,0,0,2020-02-14 21:00:00,2020-02-14,0,0,0
0,0,0,2020-02-13 21:00:00,2020-02-13,0,0,0
0,0,0,2020-02-12 21:00:00,2020-02-12,0,0,0
0,0,0,2020-02-11 20:30:00,2020-02-11,0,0,0
0,0,0,2020-02-10 21:00:00,2020-02-10,0,0,0
0,0,0,2020-02-09 21:00:00,2020-02-09,0,0,0
0,0,0,2020-02-08 21:00:00,2020-02-08,0,0,0
0,0,0,2020-02-07 21:00:00,2020-02-07,0,0,0
0,0,0,2020-02-06 21:00:00,2020-02-06,0,0,0
0,0,0,2020-02-05 21:00:00,2020-02-05,0,0,0
0,0,0,2020-02-04 20:00:00,2020-02-04,0,0,0
0,0,0,2020-02-03 20:00:00,2020-02-03,0,0,0
0,0,0,2020-02-02 20:00:00,2020-02-02,0,0,0
0,0,0,2020-02-01 10:00:00,2020-02-01,0,0,0
0,0,0,2020-01-31 12:30:00,2020-01-31,0,0,0
0,0,0,2020-01-30 12:00:00,2020-01-30,0,0,0
0,0,0,2020-01-29 14:00:00,2020-01-29,0,0,0
0,0,0,2020-01-28 11:30:00,2020-01-28,0,0,0
0,0,0,2020-01-27 14:00:00,2020-01-27,0,0,0
0,0,0,2020-01-26 13:00:00,2020-01-26,0,0,0
0,0,0,2020-01-25 15:00:00,2020-01-25,0,0,0
0,0,0,2020-01-24 15:00:00,2020-01-24,0,0,0
0,0,0,2020-01-23 15:00:00,2020-01-23,0,0,0
0,0,0,2020-01-22 15:00:00,2020-01-22,0,0,0
0,0,0,2020-01-21 15:00:00,2020-01-21,0,0,0
