Confirmed,Recovered,Deaths,Date_last_updated_AEDT,date_day,New,DayElapsed,New_death,New_recover
135586,24392,17127,2020-04-08 18:00:00,2020-04-08,3039,46,604,1555
132547,22837,16523,2020-04-07 22:00:00,2020-04-07,3599,45,636,1022
128948,21815,15887,2020-04-06 22:00:00,2020-04-06,4316,44,525,819
124632,20996,15362,2020-04-05 22:00:00,2020-04-05,4805,43,681,1238
119827,19758,14681,2020-04-04 21:00:00,2020-04-04,4585,42,766,1480
115242,18278,13915,2020-04-03 21:00:00,2020-04-03,4668,41,760,1431
110574,16847,13155,2020-04-02 21:00:00,2020-04-02,4782,40,727,1118
105792,15729,12428,2020-04-01 21:00:00,2020-04-01,4053,39,837,1109
101739,14620,11591,2020-03-31 21:00:00,2020-03-31,4050,38,812,1590
97689,13030,10779,2020-03-30 21:00:00,2020-03-30,5217,37,756,646
92472,12384,10023,2020-03-29 21:00:00,2020-03-29,5974,36,889,1434
86498,10950,9134,2020-03-28 21:00:00,2020-03-28,5909,35,919,589
80589,10361,8215,2020-03-27 21:10:00,2020-03-27,6203,34,712,999
74386,9362,7503,2020-03-26 22:20:00,2020-03-26,5210,33,683,1036
69176,8326,6820,2020-03-25 23:20:00,2020-03-25,5249,32,743,894
63927,7432,6077,2020-03-24 21:20:00,2020-03-24,4789,31,601,408
59138,7024,5476,2020-03-23 21:40:00,2020-03-23,5560,30,651,952
53578,6072,4825,2020-03-22 21:00:00,2020-03-22,6557,29,793,943
47021,5129,4032,2020-03-21 21:00:00,2020-03-21,5986,28,627,689
41035,4440,3405,2020-03-20 21:20:00,2020-03-20,5322,27,427,415
35713,4025,2978,2020-03-19 21:30:00,2020-03-19,4207,26,475,1084
31506,2941,2503,2020-03-18 22:00:00,2020-03-18,3526,25,345,192
27980,2749,2158,2020-03-17 21:00:00,2020-03-17,3233,24,349,414
24747,2335,1809,2020-03-16 21:00:00,2020-03-16,3590,23,368,369
21157,1966,1441,2020-03-15 21:00:00,2020-03-15,3497,22,175,527
17660,1439,1266,2020-03-14 21:00:00,2020-03-14,2547,21,250,181
15113,1258,1016,2020-03-13 21:00:00,2020-03-13,2651,20,189,213
12462,1045,827,2020-03-12 21:00:00,2020-03-12,2313,19,196,41
10149,1004,631,2020-03-11 21:00:00,2020-03-11,977,18,168,280
9172,724,463,2020-03-10 21:00:00,2020-03-10,1797,17,97,102
7375,622,366,2020-03-09 21:00:00,2020-03-09,1492,16,133,33
5883,589,233,2020-03-08 21:00:00,2020-03-08,1247,15,36,66
4636,523,197,2020-03-07 21:00:00,2020-03-07,778,14,49,109
3858,414,148,2020-03-06 21:00:00,2020-03-06,769,13,41,138
3089,276,107,2020-03-05 21:00:00,2020-03-05,587,12,28,116
2502,160,79,2020-03-04 21:00:00,2020-03-04,466,11,27,11
2036,149,52,2020-03-03 21:00:00,2020-03-03,332,10,11,66
1704,83,41,2020-03-02 21:00:00,2020-03-02,576,9,12,33
1128,50,29,2020-03-01 21:00:00,2020-03-01,239,8,8,4
889,46,21,2020-02-29 21:00:00,2020-02-29,234,7,4,1
655,45,17,2020-02-28 21:00:00,2020-02-28,185,6,5,42
470,3,12,2020-02-27 21:00:00,2020-02-27,113,5,1,1
357,2,11,2020-02-26 21:00:00,2020-02-26,87,4,4,1
270,1,7,2020-02-25 21:00:00,2020-02-25,55,3,3,0
215,1,4,2020-02-24 21:00:00,2020-02-24,98,2,2,0
117,1,2,2020-02-23 21:00:00,2020-02-23,83,1,0,0
34,1,2,2020-02-22 21:00:00,2020-02-22,28,0,2,1
6,0,0,2020-02-21 21:00:00,2020-02-21,3,0,0,0
3,0,0,2020-02-20 21:00:00,2020-02-20,0,0,0,0
3,0,0,2020-02-19 21:00:00,2020-02-19,0,0,0,0
3,0,0,2020-02-18 21:00:00,2020-02-18,0,0,0,0
3,0,0,2020-02-17 21:00:00,2020-02-17,0,0,0,0
3,0,0,2020-02-16 21:00:00,2020-02-16,0,0,0,0
3,0,0,2020-02-15 21:00:00,2020-02-15,0,0,0,0
3,0,0,2020-02-14 21:00:00,2020-02-14,0,0,0,0
3,0,0,2020-02-13 21:00:00,2020-02-13,0,0,0,0
3,0,0,2020-02-12 21:00:00,2020-02-12,0,0,0,0
3,0,0,2020-02-11 20:30:00,2020-02-11,0,0,0,0
3,0,0,2020-02-10 21:00:00,2020-02-10,0,0,0,0
3,0,0,2020-02-09 21:00:00,2020-02-09,0,0,0,0
3,0,0,2020-02-08 21:00:00,2020-02-08,0,0,0,0
3,0,0,2020-02-07 21:00:00,2020-02-07,1,0,0,0
2,0,0,2020-02-06 21:00:00,2020-02-06,0,0,0,0
2,0,0,2020-02-05 21:00:00,2020-02-05,0,0,0,0
2,0,0,2020-02-04 20:00:00,2020-02-04,0,0,0,0
2,0,0,2020-02-03 20:00:00,2020-02-03,0,0,0,0
2,0,0,2020-02-02 20:00:00,2020-02-02,0,0,0,0
2,0,0,2020-02-01 10:00:00,2020-02-01,0,0,0,0
2,0,0,2020-01-31 12:30:00,2020-01-31,2,0,0,0
0,0,0,2020-01-30 12:00:00,2020-01-30,0,0,0,0
0,0,0,2020-01-29 14:00:00,2020-01-29,0,0,0,0
0,0,0,2020-01-28 11:30:00,2020-01-28,0,0,0,0
0,0,0,2020-01-27 14:00:00,2020-01-27,0,0,0,0
0,0,0,2020-01-26 13:00:00,2020-01-26,0,0,0,0
0,0,0,2020-01-25 15:00:00,2020-01-25,0,0,0,0
0,0,0,2020-01-24 15:00:00,2020-01-24,0,0,0,0
0,0,0,2020-01-23 15:00:00,2020-01-23,0,0,0,0
0,0,0,2020-01-22 15:00:00,2020-01-22,0,0,0,0
0,0,0,2020-01-21 15:00:00,2020-01-21,0,0,0,0
