Confirmed,Recovered,Deaths,Date_last_updated_AEDT,date_day,New,DayElapsed,New_death
651,633,0,2020-04-08 07:30:00,2020-04-08,0,70,0
651,633,0,2020-04-07 22:00:00,2020-04-07,0,69,0
651,633,0,2020-04-06 22:00:00,2020-04-06,0,68,0
651,633,0,2020-04-05 22:00:00,2020-04-05,0,67,0
651,632,0,2020-04-04 21:00:00,2020-04-04,0,66,0
651,632,0,2020-04-03 21:00:00,2020-04-03,4,65,0
647,631,0,2020-04-02 21:00:00,2020-04-02,1,64,0
646,631,0,2020-04-01 21:00:00,2020-04-01,0,63,0
646,631,0,2020-03-31 21:00:00,2020-03-31,1,62,0
645,631,0,2020-03-30 21:00:00,2020-03-30,1,61,0
644,631,0,2020-03-29 21:00:00,2020-03-29,3,60,0
641,631,0,2020-03-28 21:00:00,2020-03-28,0,59,0
641,631,0,2020-03-27 21:10:00,2020-03-27,1,58,0
640,631,0,2020-03-26 22:20:00,2020-03-26,2,57,0
638,631,0,2020-03-25 23:20:00,2020-03-25,2,56,0
636,631,0,2020-03-24 21:20:00,2020-03-24,3,55,0
633,631,0,2020-03-23 21:40:00,2020-03-23,0,54,0
633,631,0,2020-03-22 21:00:00,2020-03-22,2,53,0
631,631,0,2020-03-21 21:00:00,2020-03-21,0,52,0
631,631,0,2020-03-20 21:20:00,2020-03-20,0,51,0
631,631,0,2020-03-19 21:30:00,2020-03-19,0,50,0
631,631,0,2020-03-18 22:00:00,2020-03-18,0,49,0
631,631,0,2020-03-17 21:00:00,2020-03-17,0,48,0
631,631,0,2020-03-16 21:00:00,2020-03-16,0,47,0
631,631,0,2020-03-15 21:00:00,2020-03-15,0,46,0
631,630,0,2020-03-14 21:00:00,2020-03-14,0,45,0
631,630,0,2020-03-13 21:00:00,2020-03-13,0,44,0
631,629,0,2020-03-12 21:00:00,2020-03-12,0,43,0
631,627,0,2020-03-11 21:00:00,2020-03-11,0,42,0
631,627,0,2020-03-10 21:00:00,2020-03-10,0,41,0
631,621,0,2020-03-09 21:00:00,2020-03-09,0,40,0
631,612,0,2020-03-08 21:00:00,2020-03-08,0,39,0
631,602,0,2020-03-07 21:00:00,2020-03-07,0,38,0
631,594,0,2020-03-06 21:00:00,2020-03-06,0,37,0
631,580,0,2020-03-05 21:00:00,2020-03-05,0,36,0
631,569,0,2020-03-04 21:00:00,2020-03-04,0,35,0
631,556,0,2020-03-03 21:00:00,2020-03-03,0,34,0
631,538,0,2020-03-02 21:00:00,2020-03-02,0,33,0
631,536,0,2020-03-01 21:00:00,2020-03-01,0,32,0
631,523,0,2020-02-29 21:00:00,2020-02-29,0,31,0
631,515,0,2020-02-28 21:00:00,2020-02-28,0,30,0
631,496,0,2020-02-27 21:00:00,2020-02-27,0,29,0
631,478,0,2020-02-26 21:00:00,2020-02-26,0,28,0
631,458,0,2020-02-25 21:00:00,2020-02-25,0,27,0
631,452,0,2020-02-24 21:00:00,2020-02-24,0,26,0
631,418,0,2020-02-23 21:00:00,2020-02-23,0,25,0
631,401,0,2020-02-22 21:00:00,2020-02-22,0,24,0
631,368,0,2020-02-21 21:00:00,2020-02-21,0,23,0
631,351,0,2020-02-20 21:00:00,2020-02-20,0,22,0
631,315,0,2020-02-19 21:00:00,2020-02-19,2,21,0
629,279,0,2020-02-18 21:00:00,2020-02-18,3,20,0
626,258,0,2020-02-17 21:00:00,2020-02-17,9,19,0
617,218,0,2020-02-16 21:00:00,2020-02-16,13,18,0
604,180,0,2020-02-15 21:00:00,2020-02-15,11,17,0
593,157,0,2020-02-14 21:00:00,2020-02-14,23,16,0
570,139,0,2020-02-13 21:00:00,2020-02-13,27,15,0
543,123,0,2020-02-12 21:00:00,2020-02-12,28,14,0
515,93,0,2020-02-11 20:30:00,2020-02-11,23,13,0
492,80,0,2020-02-10 21:00:00,2020-02-10,24,12,0
468,70,0,2020-02-09 21:00:00,2020-02-09,29,11,0
439,51,0,2020-02-08 21:00:00,2020-02-08,31,10,0
408,38,0,2020-02-07 21:00:00,2020-02-07,35,9,0
373,36,0,2020-02-06 21:00:00,2020-02-06,32,8,0
341,13,0,2020-02-05 21:00:00,2020-02-05,33,7,0
308,10,0,2020-02-04 20:00:00,2020-02-04,37,6,0
271,7,0,2020-02-03 20:00:00,2020-02-03,35,5,0
236,6,0,2020-02-02 20:00:00,2020-02-02,68,4,0
168,5,0,2020-02-01 10:00:00,2020-02-01,0,3,0
168,2,0,2020-01-31 12:30:00,2020-01-31,39,2,0
129,1,0,2020-01-30 12:00:00,2020-01-30,30,1,0
99,1,0,2020-01-29 14:00:00,2020-01-29,29,0,0
70,1,0,2020-01-28 11:30:00,2020-01-28,23,0,0
47,1,0,2020-01-27 14:00:00,2020-01-27,16,0,0
31,1,0,2020-01-26 13:00:00,2020-01-26,13,0,0
18,1,0,2020-01-25 15:00:00,2020-01-25,9,0,0
9,0,0,2020-01-24 15:00:00,2020-01-24,4,0,0
5,0,0,2020-01-23 15:00:00,2020-01-23,4,0,0
1,0,0,2020-01-22 15:00:00,2020-01-22,1,0,0
0,0,0,2020-01-21 15:00:00,2020-01-21,0,0,0
