Confirmed,Recovered,Deaths,Date_last_updated_AEDT,date_day,New,DayElapsed,New_death
142,126,2,2020-04-05 22:00:00,2020-04-05,1,58,0
141,125,2,2020-04-04 21:00:00,2020-04-04,0,57,0
141,124,2,2020-04-03 21:00:00,2020-04-03,1,56,0
140,124,2,2020-04-02 21:00:00,2020-04-02,0,55,0
140,124,2,2020-04-01 21:00:00,2020-04-01,1,54,0
139,124,2,2020-03-31 21:00:00,2020-03-31,3,53,0
136,124,2,2020-03-30 21:00:00,2020-03-30,2,52,0
134,124,2,2020-03-29 21:00:00,2020-03-29,3,51,0
131,124,2,2020-03-28 21:00:00,2020-03-28,3,50,0
128,124,2,2020-03-27 21:10:00,2020-03-27,1,49,0
127,124,2,2020-03-26 22:20:00,2020-03-26,0,48,0
127,124,2,2020-03-25 23:20:00,2020-03-25,0,47,0
127,124,2,2020-03-24 21:20:00,2020-03-24,0,46,0
127,124,2,2020-03-23 21:40:00,2020-03-23,1,45,0
126,124,2,2020-03-22 21:00:00,2020-03-22,0,44,0
126,122,2,2020-03-21 21:00:00,2020-03-21,0,43,0
126,122,2,2020-03-20 21:20:00,2020-03-20,1,42,1
125,122,1,2020-03-19 21:30:00,2020-03-19,0,41,0
125,122,1,2020-03-18 22:00:00,2020-03-18,0,40,0
125,119,1,2020-03-17 21:00:00,2020-03-17,0,39,0
125,114,1,2020-03-16 21:00:00,2020-03-16,0,38,0
125,114,1,2020-03-15 21:00:00,2020-03-15,0,37,0
125,113,1,2020-03-14 21:00:00,2020-03-14,0,36,0
125,112,1,2020-03-13 21:00:00,2020-03-13,0,35,0
125,112,1,2020-03-12 21:00:00,2020-03-12,0,34,0
125,111,1,2020-03-11 21:00:00,2020-03-11,0,33,0
125,111,1,2020-03-10 21:00:00,2020-03-10,0,32,0
125,109,1,2020-03-09 21:00:00,2020-03-09,0,31,0
125,109,1,2020-03-08 21:00:00,2020-03-08,0,30,0
125,106,1,2020-03-07 21:00:00,2020-03-07,0,29,0
125,106,1,2020-03-06 21:00:00,2020-03-06,0,28,0
125,106,1,2020-03-05 21:00:00,2020-03-05,0,27,0
125,106,1,2020-03-04 21:00:00,2020-03-04,0,26,0
125,104,1,2020-03-03 21:00:00,2020-03-03,3,25,0
122,103,1,2020-03-02 21:00:00,2020-03-02,1,24,0
121,102,1,2020-03-01 21:00:00,2020-03-01,0,23,0
121,95,1,2020-02-29 21:00:00,2020-02-29,0,22,0
121,93,1,2020-02-28 21:00:00,2020-02-28,0,21,0
121,92,1,2020-02-27 21:00:00,2020-02-27,0,20,0
121,88,1,2020-02-26 21:00:00,2020-02-26,0,19,0
121,83,1,2020-02-25 21:00:00,2020-02-25,0,18,0
121,80,1,2020-02-24 21:00:00,2020-02-24,0,17,0
121,68,1,2020-02-23 21:00:00,2020-02-23,0,16,0
121,66,1,2020-02-22 21:00:00,2020-02-22,0,15,0
121,61,1,2020-02-21 21:00:00,2020-02-21,0,14,0
121,59,1,2020-02-20 21:00:00,2020-02-20,0,13,0
121,55,1,2020-02-19 21:00:00,2020-02-19,0,12,0
121,46,1,2020-02-18 21:00:00,2020-02-18,0,11,0
121,41,1,2020-02-17 21:00:00,2020-02-17,1,10,0
120,35,1,2020-02-16 21:00:00,2020-02-16,1,9,0
119,31,1,2020-02-15 21:00:00,2020-02-15,2,8,0
117,29,1,2020-02-14 21:00:00,2020-02-14,1,7,0
116,22,1,2020-02-13 21:00:00,2020-02-13,0,6,1
116,19,0,2020-02-12 21:00:00,2020-02-12,5,5,0
111,18,0,2020-02-11 20:30:00,2020-02-11,3,4,0
108,12,0,2020-02-10 21:00:00,2020-02-10,2,3,0
106,12,0,2020-02-09 21:00:00,2020-02-09,3,2,0
103,8,0,2020-02-08 21:00:00,2020-02-08,8,1,0
95,7,0,2020-02-07 21:00:00,2020-02-07,4,0,0
91,4,0,2020-02-06 21:00:00,2020-02-06,10,0,0
81,3,0,2020-02-05 21:00:00,2020-02-05,4,0,0
77,2,0,2020-02-04 20:00:00,2020-02-04,4,0,0
73,1,0,2020-02-03 20:00:00,2020-02-03,4,0,0
69,1,0,2020-02-02 20:00:00,2020-02-02,9,0,0
60,1,0,2020-02-01 10:00:00,2020-02-01,15,0,0
45,1,0,2020-01-31 12:30:00,2020-01-31,6,0,0
39,1,0,2020-01-30 12:00:00,2020-01-30,3,0,0
36,0,0,2020-01-29 14:00:00,2020-01-29,9,0,0
27,0,0,2020-01-28 11:30:00,2020-01-28,4,0,0
23,0,0,2020-01-27 14:00:00,2020-01-27,4,0,0
19,0,0,2020-01-26 13:00:00,2020-01-26,4,0,0
15,0,0,2020-01-25 15:00:00,2020-01-25,11,0,0
4,0,0,2020-01-24 15:00:00,2020-01-24,1,0,0
3,0,0,2020-01-23 15:00:00,2020-01-23,1,0,0
2,0,0,2020-01-22 15:00:00,2020-01-22,2,0,0
0,0,0,2020-01-21 15:00:00,2020-01-21,0,0,0
