Confirmed,Recovered,Deaths,Date_last_updated_AEDT,date_day,New,DayElapsed,New_death
3963,1321,63,2020-04-08 09:00:00,2020-04-08,0,31,0
3963,1321,63,2020-04-07 22:00:00,2020-04-07,170,30,1
3793,1241,62,2020-04-06 22:00:00,2020-04-06,131,29,1
3662,1005,61,2020-04-05 22:00:00,2020-04-05,179,28,4
3483,915,57,2020-04-04 21:00:00,2020-04-04,150,27,4
3333,827,53,2020-04-03 21:00:00,2020-04-03,217,26,3
3116,767,50,2020-04-02 21:00:00,2020-04-02,208,25,5
2908,645,45,2020-04-01 21:00:00,2020-04-01,142,24,2
2766,537,43,2020-03-31 21:00:00,2020-03-31,140,23,6
2626,479,37,2020-03-30 21:00:00,2020-03-30,156,22,3
2470,388,34,2020-03-29 21:00:00,2020-03-29,150,21,7
2320,320,27,2020-03-28 21:00:00,2020-03-28,159,20,1
2161,259,26,2020-03-27 21:10:00,2020-03-27,130,19,3
2031,199,23,2020-03-26 22:20:00,2020-03-26,235,18,4
1796,199,19,2020-03-25 23:20:00,2020-03-25,172,17,4
1624,183,15,2020-03-24 21:20:00,2020-03-24,106,16,1
1518,159,14,2020-03-23 21:40:00,2020-03-23,335,15,5
1183,114,9,2020-03-22 21:00:00,2020-03-22,0,14,5
1183,114,4,2020-03-21 21:00:00,2020-03-21,153,13,2
1030,87,2,2020-03-20 21:20:00,2020-03-20,130,12,0
900,75,2,2020-03-19 21:30:00,2020-03-19,110,11,0
790,60,2,2020-03-18 22:00:00,2020-03-18,117,10,0
673,49,2,2020-03-17 21:00:00,2020-03-17,120,9,2
553,42,0,2020-03-16 21:00:00,2020-03-16,125,8,0
428,35,0,2020-03-15 21:00:00,2020-03-15,231,7,0
197,32,0,2020-03-14 21:00:00,2020-03-14,39,6,0
158,32,0,2020-03-13 21:00:00,2020-03-13,9,5,0
149,26,0,2020-03-12 21:00:00,2020-03-12,20,4,0
129,25,0,2020-03-11 21:00:00,2020-03-11,12,3,0
117,24,0,2020-03-10 21:00:00,2020-03-10,0,2,0
117,24,0,2020-03-09 21:00:00,2020-03-09,24,1,0
93,23,0,2020-03-08 21:00:00,2020-03-08,10,0,0
83,23,0,2020-03-07 21:00:00,2020-03-07,0,0,0
83,22,0,2020-03-06 21:00:00,2020-03-06,33,0,0
50,22,0,2020-03-05 21:00:00,2020-03-05,0,0,0
50,22,0,2020-03-04 21:00:00,2020-03-04,21,0,0
29,22,0,2020-03-03 21:00:00,2020-03-03,0,0,0
29,22,0,2020-03-02 21:00:00,2020-03-02,4,0,0
25,22,0,2020-03-01 21:00:00,2020-03-01,0,0,0
25,20,0,2020-02-29 21:00:00,2020-02-29,0,0,0
25,20,0,2020-02-28 21:00:00,2020-02-28,3,0,0
22,20,0,2020-02-27 21:00:00,2020-02-27,0,0,0
22,20,0,2020-02-26 21:00:00,2020-02-26,0,0,0
22,20,0,2020-02-25 21:00:00,2020-02-25,0,0,0
22,18,0,2020-02-24 21:00:00,2020-02-24,0,0,0
22,17,0,2020-02-23 21:00:00,2020-02-23,0,0,0
22,17,0,2020-02-22 21:00:00,2020-02-22,0,0,0
22,17,0,2020-02-21 21:00:00,2020-02-21,0,0,0
22,17,0,2020-02-20 21:00:00,2020-02-20,0,0,0
22,15,0,2020-02-19 21:00:00,2020-02-19,0,0,0
22,11,0,2020-02-18 21:00:00,2020-02-18,0,0,0
22,8,0,2020-02-17 21:00:00,2020-02-17,0,0,0
22,8,0,2020-02-16 21:00:00,2020-02-16,1,0,0
21,7,0,2020-02-15 21:00:00,2020-02-15,2,0,0
19,7,0,2020-02-14 21:00:00,2020-02-14,0,0,0
19,3,0,2020-02-13 21:00:00,2020-02-13,1,0,0
18,3,0,2020-02-12 21:00:00,2020-02-12,0,0,0
18,3,0,2020-02-11 20:30:00,2020-02-11,0,0,0
18,3,0,2020-02-10 21:00:00,2020-02-10,1,0,0
17,1,0,2020-02-09 21:00:00,2020-02-09,1,0,0
16,1,0,2020-02-08 21:00:00,2020-02-08,1,0,0
15,1,0,2020-02-07 21:00:00,2020-02-07,1,0,0
14,1,0,2020-02-06 21:00:00,2020-02-06,2,0,0
12,1,0,2020-02-05 21:00:00,2020-02-05,2,0,0
10,0,0,2020-02-04 20:00:00,2020-02-04,2,0,0
8,0,0,2020-02-03 20:00:00,2020-02-03,0,0,0
8,0,0,2020-02-02 20:00:00,2020-02-02,0,0,0
8,0,0,2020-02-01 10:00:00,2020-02-01,0,0,0
8,0,0,2020-01-31 12:30:00,2020-01-31,1,0,0
7,0,0,2020-01-30 12:00:00,2020-01-30,0,0,0
7,0,0,2020-01-29 14:00:00,2020-01-29,3,0,0
4,0,0,2020-01-28 11:30:00,2020-01-28,0,0,0
4,0,0,2020-01-27 14:00:00,2020-01-27,1,0,0
3,0,0,2020-01-26 13:00:00,2020-01-26,0,0,0
3,0,0,2020-01-25 15:00:00,2020-01-25,3,0,0
0,0,0,2020-01-24 15:00:00,2020-01-24,0,0,0
0,0,0,2020-01-23 15:00:00,2020-01-23,0,0,0
0,0,0,2020-01-22 15:00:00,2020-01-22,0,0,0
0,0,0,2020-01-21 15:00:00,2020-01-21,0,0,0
