Confirmed,Recovered,Deaths,Date_last_updated_AEDT,date_day,New,DayElapsed,New_death
323,0,8,2020-04-05 22:00:00,2020-04-05,38,8,2
285,0,6,2020-04-04 21:00:00,2020-04-04,30,7,0
255,0,6,2020-04-03 21:00:00,2020-04-03,41,6,2
214,0,4,2020-04-02 21:00:00,2020-04-02,37,5,0
177,0,4,2020-04-01 21:00:00,2020-04-01,24,4,1
153,0,3,2020-03-31 21:00:00,2020-03-31,33,3,1
120,0,2,2020-03-30 21:00:00,2020-03-30,12,2,0
108,0,2,2020-03-29 21:00:00,2020-03-29,18,1,0
90,0,2,2020-03-28 21:00:00,2020-03-28,8,0,2
82,0,0,2020-03-27 21:10:00,2020-03-27,8,0,0
74,0,0,2020-03-26 22:20:00,2020-03-26,3,0,0
71,0,0,2020-03-25 23:20:00,2020-03-25,7,0,0
64,0,0,2020-03-24 21:20:00,2020-03-24,13,0,0
51,0,0,2020-03-23 21:40:00,2020-03-23,0,0,0
51,0,0,2020-03-22 21:00:00,2020-03-22,13,0,0
38,0,0,2020-03-21 21:00:00,2020-03-21,6,0,0
32,0,0,2020-03-20 21:20:00,2020-03-20,3,0,0
29,0,0,2020-03-19 21:30:00,2020-03-19,5,0,0
24,0,0,2020-03-18 22:00:00,2020-03-18,6,0,0
18,0,0,2020-03-17 21:00:00,2020-03-17,0,0,0
18,0,0,2020-03-16 21:00:00,2020-03-16,1,0,0
17,0,0,2020-03-15 21:00:00,2020-03-15,3,0,0
14,0,0,2020-03-14 21:00:00,2020-03-14,3,0,0
11,0,0,2020-03-13 21:00:00,2020-03-13,1,0,0
10,0,0,2020-03-12 21:00:00,2020-03-12,6,0,0
4,0,0,2020-03-11 21:00:00,2020-03-11,1,0,0
3,0,0,2020-03-10 21:00:00,2020-03-10,0,0,0
3,0,0,2020-03-09 21:00:00,2020-03-09,2,0,0
1,0,0,2020-03-08 21:00:00,2020-03-08,0,0,0
1,0,0,2020-03-07 21:00:00,2020-03-07,1,0,0
0,0,0,2020-03-06 21:00:00,2020-03-06,0,0,0
0,0,0,2020-03-05 21:00:00,2020-03-05,0,0,0
0,0,0,2020-03-04 21:00:00,2020-03-04,0,0,0
0,0,0,2020-03-03 21:00:00,2020-03-03,-44,0,0
44,0,0,2020-03-02 21:00:00,2020-03-02,0,0,0
44,0,0,2020-03-01 21:00:00,2020-03-01,0,0,0
44,0,0,2020-02-29 21:00:00,2020-02-29,2,0,0
42,0,0,2020-02-28 21:00:00,2020-02-28,0,0,0
42,0,0,2020-02-27 21:00:00,2020-02-27,2,0,0
40,0,0,2020-02-26 21:00:00,2020-02-26,4,0,0
36,0,0,2020-02-25 21:00:00,2020-02-25,18,0,0
18,0,0,2020-02-24 21:00:00,2020-02-24,0,0,0
18,0,0,2020-02-23 21:00:00,2020-02-23,0,0,0
18,0,0,2020-02-22 21:00:00,2020-02-22,7,0,0
11,0,0,2020-02-21 21:00:00,2020-02-21,11,0,0
0,0,0,2020-02-20 21:00:00,2020-02-20,0,0,0
0,0,0,2020-02-19 21:00:00,2020-02-19,0,0,0
0,0,0,2020-02-18 21:00:00,2020-02-18,0,0,0
0,0,0,2020-02-17 21:00:00,2020-02-17,0,0,0
0,0,0,2020-02-16 21:00:00,2020-02-16,0,0,0
0,0,0,2020-02-15 21:00:00,2020-02-15,0,0,0
0,0,0,2020-02-14 21:00:00,2020-02-14,0,0,0
0,0,0,2020-02-13 21:00:00,2020-02-13,0,0,0
0,0,0,2020-02-12 21:00:00,2020-02-12,0,0,0
0,0,0,2020-02-11 20:30:00,2020-02-11,0,0,0
0,0,0,2020-02-10 21:00:00,2020-02-10,0,0,0
0,0,0,2020-02-09 21:00:00,2020-02-09,0,0,0
0,0,0,2020-02-08 21:00:00,2020-02-08,0,0,0
0,0,0,2020-02-07 21:00:00,2020-02-07,0,0,0
0,0,0,2020-02-06 21:00:00,2020-02-06,0,0,0
0,0,0,2020-02-05 21:00:00,2020-02-05,0,0,0
0,0,0,2020-02-04 20:00:00,2020-02-04,0,0,0
0,0,0,2020-02-03 20:00:00,2020-02-03,0,0,0
0,0,0,2020-02-02 20:00:00,2020-02-02,0,0,0
0,0,0,2020-02-01 10:00:00,2020-02-01,0,0,0
0,0,0,2020-01-31 12:30:00,2020-01-31,0,0,0
0,0,0,2020-01-30 12:00:00,2020-01-30,0,0,0
0,0,0,2020-01-29 14:00:00,2020-01-29,0,0,0
0,0,0,2020-01-28 11:30:00,2020-01-28,0,0,0
0,0,0,2020-01-27 14:00:00,2020-01-27,0,0,0
0,0,0,2020-01-26 13:00:00,2020-01-26,0,0,0
0,0,0,2020-01-25 15:00:00,2020-01-25,0,0,0
0,0,0,2020-01-24 15:00:00,2020-01-24,0,0,0
0,0,0,2020-01-23 15:00:00,2020-01-23,0,0,0
0,0,0,2020-01-22 15:00:00,2020-01-22,0,0,0
0,0,0,2020-01-21 15:00:00,2020-01-21,0,0,0
