Confirmed,Recovered,Deaths,Date_last_updated_AEDT,date_day,New,DayElapsed,New_death
5760,32,73,2020-04-06 22:00:00,2020-04-06,115,32,7
5645,32,66,2020-04-05 22:00:00,2020-04-05,275,31,7
5370,32,59,2020-04-04 21:00:00,2020-04-04,115,30,5
5255,32,54,2020-04-03 21:00:00,2020-04-03,357,29,9
4898,13,45,2020-04-02 21:00:00,2020-04-02,199,28,5
4699,13,40,2020-04-01 21:00:00,2020-04-01,204,27,6
4495,13,34,2020-03-31 21:00:00,2020-03-31,182,26,5
4313,7,29,2020-03-30 21:00:00,2020-03-30,259,25,6
4054,7,23,2020-03-29 21:00:00,2020-03-29,258,24,3
3796,7,20,2020-03-28 21:00:00,2020-03-28,373,23,5
3423,6,15,2020-03-27 21:10:00,2020-03-27,211,22,1
3212,6,14,2020-03-26 22:20:00,2020-03-26,310,21,0
2902,6,14,2020-03-25 23:20:00,2020-03-25,255,20,3
2647,6,11,2020-03-24 21:20:00,2020-03-24,232,19,3
2415,6,8,2020-03-23 21:40:00,2020-03-23,199,18,1
2216,6,7,2020-03-22 21:00:00,2020-03-22,221,17,0
1995,1,7,2020-03-21 21:00:00,2020-03-21,193,16,0
1802,1,7,2020-03-20 21:20:00,2020-03-20,171,15,1
1631,1,6,2020-03-19 21:30:00,2020-03-19,108,14,2
1523,1,4,2020-03-18 22:00:00,2020-03-18,157,13,1
1366,1,3,2020-03-17 21:00:00,2020-03-17,103,12,0
1263,1,3,2020-03-16 21:00:00,2020-03-16,130,11,0
1133,1,3,2020-03-15 21:00:00,2020-03-15,130,10,2
1003,1,1,2020-03-14 21:00:00,2020-03-14,175,9,0
828,1,1,2020-03-13 21:00:00,2020-03-13,180,8,1
648,1,0,2020-03-12 21:00:00,2020-03-12,227,7,0
421,1,0,2020-03-11 21:00:00,2020-03-11,182,6,0
239,1,0,2020-03-10 21:00:00,2020-03-10,61,5,0
178,1,0,2020-03-09 21:00:00,2020-03-09,21,4,0
157,1,0,2020-03-08 21:00:00,2020-03-08,21,3,0
136,1,0,2020-03-07 21:00:00,2020-03-07,35,2,0
101,0,0,2020-03-06 21:00:00,2020-03-06,35,1,0
66,0,0,2020-03-05 21:00:00,2020-03-05,33,0,0
33,0,0,2020-03-04 21:00:00,2020-03-04,8,0,0
25,0,0,2020-03-03 21:00:00,2020-03-03,6,0,0
19,0,0,2020-03-02 21:00:00,2020-03-02,4,0,0
15,0,0,2020-03-01 21:00:00,2020-03-01,9,0,0
6,0,0,2020-02-29 21:00:00,2020-02-29,2,0,0
4,0,0,2020-02-28 21:00:00,2020-02-28,3,0,0
1,0,0,2020-02-27 21:00:00,2020-02-27,1,0,0
0,0,0,2020-02-26 21:00:00,2020-02-26,0,0,0
0,0,0,2020-02-25 21:00:00,2020-02-25,0,0,0
0,0,0,2020-02-24 21:00:00,2020-02-24,0,0,0
0,0,0,2020-02-23 21:00:00,2020-02-23,0,0,0
0,0,0,2020-02-22 21:00:00,2020-02-22,0,0,0
0,0,0,2020-02-21 21:00:00,2020-02-21,0,0,0
0,0,0,2020-02-20 21:00:00,2020-02-20,0,0,0
0,0,0,2020-02-19 21:00:00,2020-02-19,0,0,0
0,0,0,2020-02-18 21:00:00,2020-02-18,0,0,0
0,0,0,2020-02-17 21:00:00,2020-02-17,0,0,0
0,0,0,2020-02-16 21:00:00,2020-02-16,0,0,0
0,0,0,2020-02-15 21:00:00,2020-02-15,0,0,0
0,0,0,2020-02-14 21:00:00,2020-02-14,0,0,0
0,0,0,2020-02-13 21:00:00,2020-02-13,0,0,0
0,0,0,2020-02-12 21:00:00,2020-02-12,0,0,0
0,0,0,2020-02-11 20:30:00,2020-02-11,0,0,0
0,0,0,2020-02-10 21:00:00,2020-02-10,0,0,0
0,0,0,2020-02-09 21:00:00,2020-02-09,0,0,0
0,0,0,2020-02-08 21:00:00,2020-02-08,0,0,0
0,0,0,2020-02-07 21:00:00,2020-02-07,0,0,0
0,0,0,2020-02-06 21:00:00,2020-02-06,0,0,0
0,0,0,2020-02-05 21:00:00,2020-02-05,0,0,0
0,0,0,2020-02-04 20:00:00,2020-02-04,0,0,0
0,0,0,2020-02-03 20:00:00,2020-02-03,0,0,0
0,0,0,2020-02-02 20:00:00,2020-02-02,0,0,0
0,0,0,2020-02-01 10:00:00,2020-02-01,0,0,0
0,0,0,2020-01-31 12:30:00,2020-01-31,0,0,0
0,0,0,2020-01-30 12:00:00,2020-01-30,0,0,0
0,0,0,2020-01-29 14:00:00,2020-01-29,0,0,0
0,0,0,2020-01-28 11:30:00,2020-01-28,0,0,0
0,0,0,2020-01-27 14:00:00,2020-01-27,0,0,0
0,0,0,2020-01-26 13:00:00,2020-01-26,0,0,0
0,0,0,2020-01-25 15:00:00,2020-01-25,0,0,0
0,0,0,2020-01-24 15:00:00,2020-01-24,0,0,0
0,0,0,2020-01-23 15:00:00,2020-01-23,0,0,0
0,0,0,2020-01-22 15:00:00,2020-01-22,0,0,0
0,0,0,2020-01-21 15:00:00,2020-01-21,0,0,0
