Confirmed,Recovered,Deaths,Date_last_updated_AEDT,date_day,New,DayElapsed,New_death
3630,1219,94,2020-04-05 22:00:00,2020-04-05,375,22,27
3255,1023,67,2020-04-04 21:00:00,2020-04-04,462,21,14
2793,831,53,2020-04-03 21:00:00,2020-04-03,401,20,16
2392,689,37,2020-04-02 21:00:00,2020-04-02,426,19,4
1966,6,33,2020-04-01 21:00:00,2020-04-01,260,18,1
1706,6,32,2020-03-31 21:00:00,2020-03-31,351,17,11
1355,6,21,2020-03-30 21:00:00,2020-03-30,211,16,3
1144,6,18,2020-03-29 21:00:00,2020-03-29,150,15,0
994,6,18,2020-03-28 21:00:00,2020-03-28,136,14,3
858,6,15,2020-03-27 21:10:00,2020-03-27,170,13,3
688,6,12,2020-03-26 22:20:00,2020-03-26,100,12,4
588,6,8,2020-03-25 23:20:00,2020-03-25,85,11,2
503,6,6,2020-03-24 21:20:00,2020-03-24,78,10,1
425,6,5,2020-03-23 21:40:00,2020-03-23,48,9,2
377,6,3,2020-03-22 21:00:00,2020-03-22,59,8,1
318,5,2,2020-03-21 21:00:00,2020-03-21,61,7,0
257,5,2,2020-03-20 21:20:00,2020-03-20,43,6,1
214,5,1,2020-03-19 21:30:00,2020-03-19,24,5,0
190,5,1,2020-03-18 22:00:00,2020-03-18,13,4,1
177,5,0,2020-03-17 21:00:00,2020-03-17,32,3,0
145,4,0,2020-03-16 21:00:00,2020-03-16,42,2,0
103,4,0,2020-03-15 21:00:00,2020-03-15,22,1,0
81,4,0,2020-03-14 21:00:00,2020-03-14,22,0,0
59,3,0,2020-03-13 21:00:00,2020-03-13,17,0,0
42,3,0,2020-03-12 21:00:00,2020-03-12,5,0,0
37,3,0,2020-03-11 21:00:00,2020-03-11,2,0,0
35,3,0,2020-03-10 21:00:00,2020-03-10,3,0,0
32,3,0,2020-03-09 21:00:00,2020-03-09,4,0,0
28,3,0,2020-03-08 21:00:00,2020-03-08,2,0,0
26,3,0,2020-03-07 21:00:00,2020-03-07,3,0,0
23,3,0,2020-03-06 21:00:00,2020-03-06,3,0,0
20,3,0,2020-03-05 21:00:00,2020-03-05,0,0,0
20,3,0,2020-03-04 21:00:00,2020-03-04,2,0,0
18,3,0,2020-03-03 21:00:00,2020-03-03,3,0,0
15,3,0,2020-03-02 21:00:00,2020-03-02,4,0,0
11,3,0,2020-03-01 21:00:00,2020-03-01,4,0,0
7,3,0,2020-02-29 21:00:00,2020-02-29,1,0,0
6,3,0,2020-02-28 21:00:00,2020-02-28,1,0,0
5,3,0,2020-02-27 21:00:00,2020-02-27,0,0,0
5,3,0,2020-02-26 21:00:00,2020-02-26,0,0,0
5,3,0,2020-02-25 21:00:00,2020-02-25,1,0,0
4,3,0,2020-02-24 21:00:00,2020-02-24,1,0,0
3,1,0,2020-02-23 21:00:00,2020-02-23,0,0,0
3,1,0,2020-02-22 21:00:00,2020-02-22,0,0,0
3,1,0,2020-02-21 21:00:00,2020-02-21,0,0,0
3,1,0,2020-02-20 21:00:00,2020-02-20,0,0,0
3,1,0,2020-02-19 21:00:00,2020-02-19,0,0,0
3,1,0,2020-02-18 21:00:00,2020-02-18,0,0,0
3,1,0,2020-02-17 21:00:00,2020-02-17,0,0,0
3,1,0,2020-02-16 21:00:00,2020-02-16,0,0,0
3,1,0,2020-02-15 21:00:00,2020-02-15,0,0,0
3,1,0,2020-02-14 21:00:00,2020-02-14,0,0,0
3,1,0,2020-02-13 21:00:00,2020-02-13,0,0,0
3,0,0,2020-02-12 21:00:00,2020-02-12,0,0,0
3,0,0,2020-02-11 20:30:00,2020-02-11,0,0,0
3,0,0,2020-02-10 21:00:00,2020-02-10,0,0,0
3,0,0,2020-02-09 21:00:00,2020-02-09,0,0,0
3,0,0,2020-02-08 21:00:00,2020-02-08,0,0,0
3,0,0,2020-02-07 21:00:00,2020-02-07,0,0,0
3,0,0,2020-02-06 21:00:00,2020-02-06,0,0,0
3,0,0,2020-02-05 21:00:00,2020-02-05,0,0,0
3,0,0,2020-02-04 20:00:00,2020-02-04,0,0,0
3,0,0,2020-02-03 20:00:00,2020-02-03,0,0,0
3,0,0,2020-02-02 20:00:00,2020-02-02,1,0,0
2,0,0,2020-02-01 10:00:00,2020-02-01,0,0,0
2,0,0,2020-01-31 12:30:00,2020-01-31,0,0,0
2,0,0,2020-01-30 12:00:00,2020-01-30,1,0,0
1,0,0,2020-01-29 14:00:00,2020-01-29,0,0,0
1,0,0,2020-01-28 11:30:00,2020-01-28,0,0,0
1,0,0,2020-01-27 14:00:00,2020-01-27,1,0,0
0,0,0,2020-01-26 13:00:00,2020-01-26,0,0,0
0,0,0,2020-01-25 15:00:00,2020-01-25,0,0,0
0,0,0,2020-01-24 15:00:00,2020-01-24,0,0,0
0,0,0,2020-01-23 15:00:00,2020-01-23,0,0,0
0,0,0,2020-01-22 15:00:00,2020-01-22,0,0,0
0,0,0,2020-01-21 15:00:00,2020-01-21,0,0,0
