Confirmed,Recovered,Deaths,Date_last_updated_AEDT,date_day,New,DayElapsed,New_death
4057,406,157,2020-04-06 22:00:00,2020-04-06,193,23,9
3864,374,148,2020-04-05 22:00:00,2020-04-05,251,22,7
3613,329,141,2020-04-04 21:00:00,2020-04-04,430,21,25
3183,283,116,2020-04-03 21:00:00,2020-04-03,445,20,22
2738,267,94,2020-04-02 21:00:00,2020-04-02,278,19,9
2460,252,85,2020-04-01 21:00:00,2020-04-01,215,18,16
2245,220,69,2020-03-31 21:00:00,2020-03-31,293,17,25
1952,206,44,2020-03-30 21:00:00,2020-03-30,192,16,6
1760,169,38,2020-03-29 21:00:00,2020-03-29,468,15,9
1292,115,29,2020-03-28 21:00:00,2020-03-28,263,14,5
1029,94,24,2020-03-27 21:10:00,2020-03-27,0,13,7
1029,94,17,2020-03-26 22:20:00,2020-03-26,123,12,4
906,86,13,2020-03-25 23:20:00,2020-03-25,144,11,5
762,79,8,2020-03-24 21:20:00,2020-03-24,186,10,4
576,73,4,2020-03-23 21:40:00,2020-03-23,209,9,4
367,52,0,2020-03-22 21:00:00,2020-03-22,59,8,0
308,31,0,2020-03-21 21:00:00,2020-03-21,0,7,0
308,31,0,2020-03-20 21:20:00,2020-03-20,31,6,0
277,25,0,2020-03-19 21:30:00,2020-03-19,31,5,0
246,19,0,2020-03-18 22:00:00,2020-03-18,62,4,0
184,16,0,2020-03-17 21:00:00,2020-03-17,26,3,0
158,9,0,2020-03-16 21:00:00,2020-03-16,35,2,0
123,9,0,2020-03-15 21:00:00,2020-03-15,26,1,0
97,7,0,2020-03-14 21:00:00,2020-03-14,27,0,0
70,7,0,2020-03-13 21:00:00,2020-03-13,21,0,0
49,6,0,2020-03-12 21:00:00,2020-03-12,18,0,0
31,5,0,2020-03-11 21:00:00,2020-03-11,14,0,0
17,5,0,2020-03-10 21:00:00,2020-03-10,2,0,0
15,5,0,2020-03-09 21:00:00,2020-03-09,2,0,0
13,3,0,2020-03-08 21:00:00,2020-03-08,4,0,0
9,3,0,2020-03-07 21:00:00,2020-03-07,2,0,0
7,1,0,2020-03-06 21:00:00,2020-03-06,1,0,0
6,1,0,2020-03-05 21:00:00,2020-03-05,2,0,0
4,1,0,2020-03-04 21:00:00,2020-03-04,1,0,0
3,1,0,2020-03-03 21:00:00,2020-03-03,0,0,0
3,1,0,2020-03-02 21:00:00,2020-03-02,0,0,0
3,1,0,2020-03-01 21:00:00,2020-03-01,0,0,0
3,1,0,2020-02-29 21:00:00,2020-02-29,2,0,0
1,0,0,2020-02-28 21:00:00,2020-02-28,0,0,0
1,0,0,2020-02-27 21:00:00,2020-02-27,1,0,0
0,0,0,2020-02-26 21:00:00,2020-02-26,0,0,0
0,0,0,2020-02-25 21:00:00,2020-02-25,0,0,0
0,0,0,2020-02-24 21:00:00,2020-02-24,0,0,0
0,0,0,2020-02-23 21:00:00,2020-02-23,0,0,0
0,0,0,2020-02-22 21:00:00,2020-02-22,0,0,0
0,0,0,2020-02-21 21:00:00,2020-02-21,0,0,0
0,0,0,2020-02-20 21:00:00,2020-02-20,0,0,0
0,0,0,2020-02-19 21:00:00,2020-02-19,0,0,0
0,0,0,2020-02-18 21:00:00,2020-02-18,0,0,0
0,0,0,2020-02-17 21:00:00,2020-02-17,0,0,0
0,0,0,2020-02-16 21:00:00,2020-02-16,0,0,0
0,0,0,2020-02-15 21:00:00,2020-02-15,0,0,0
0,0,0,2020-02-14 21:00:00,2020-02-14,0,0,0
0,0,0,2020-02-13 21:00:00,2020-02-13,0,0,0
0,0,0,2020-02-12 21:00:00,2020-02-12,0,0,0
0,0,0,2020-02-11 20:30:00,2020-02-11,0,0,0
0,0,0,2020-02-10 21:00:00,2020-02-10,0,0,0
0,0,0,2020-02-09 21:00:00,2020-02-09,0,0,0
0,0,0,2020-02-08 21:00:00,2020-02-08,0,0,0
0,0,0,2020-02-07 21:00:00,2020-02-07,0,0,0
0,0,0,2020-02-06 21:00:00,2020-02-06,0,0,0
0,0,0,2020-02-05 21:00:00,2020-02-05,0,0,0
0,0,0,2020-02-04 20:00:00,2020-02-04,0,0,0
0,0,0,2020-02-03 20:00:00,2020-02-03,0,0,0
0,0,0,2020-02-02 20:00:00,2020-02-02,0,0,0
0,0,0,2020-02-01 10:00:00,2020-02-01,0,0,0
0,0,0,2020-01-31 12:30:00,2020-01-31,0,0,0
0,0,0,2020-01-30 12:00:00,2020-01-30,0,0,0
0,0,0,2020-01-29 14:00:00,2020-01-29,0,0,0
0,0,0,2020-01-28 11:30:00,2020-01-28,0,0,0
0,0,0,2020-01-27 14:00:00,2020-01-27,0,0,0
0,0,0,2020-01-26 13:00:00,2020-01-26,0,0,0
0,0,0,2020-01-25 15:00:00,2020-01-25,0,0,0
0,0,0,2020-01-24 15:00:00,2020-01-24,0,0,0
0,0,0,2020-01-23 15:00:00,2020-01-23,0,0,0
0,0,0,2020-01-22 15:00:00,2020-01-22,0,0,0
0,0,0,2020-01-21 15:00:00,2020-01-21,0,0,0
