Confirmed,Recovered,Deaths,Date_last_updated_AEDT,date_day,New,DayElapsed,New_death,New_recover
1432030,303113,82187,2020-04-08 18:00:00,2020-04-08,71316,79,6177,9277
1360714,293836,76010,2020-04-07 22:00:00,2020-04-07,74239,78,5631,22220
1286475,271616,70379,2020-04-06 22:00:00,2020-04-06,70182,77,4666,19156
1216293,252460,65713,2020-04-05 22:00:00,2020-04-05,84962,76,5832,18886
1131331,233574,59881,2020-04-04 21:00:00,2020-04-04,101093,75,5755,14865
1030238,218709,54126,2020-04-03 21:00:00,2020-04-03,78448,74,5839,16291
951790,202418,48287,2020-04-02 21:00:00,2020-04-02,77822,73,4996,17914
873968,184504,43291,2020-04-01 21:00:00,2020-04-01,73927,72,4567,14475
800041,170029,38724,2020-03-31 21:00:00,2020-03-31,64648,71,3892,13761
735393,156268,34832,2020-03-30 21:00:00,2020-03-30,56783,70,3128,9944
678610,146324,31704,2020-03-29 21:00:00,2020-03-29,64187,69,3463,9030
614423,137294,28241,2020-03-28 21:00:00,2020-03-28,71590,68,3873,11009
542833,126285,24368,2020-03-27 21:10:00,2020-03-27,54792,67,2330,8813
488041,117472,22038,2020-03-26 22:20:00,2020-03-26,51325,66,2378,5572
436716,111900,19660,2020-03-25 23:20:00,2020-03-25,44358,65,2514,9250
392358,102650,17146,2020-03-24 21:20:00,2020-03-24,42567,64,1832,2303
349791,100347,15314,2020-03-23 21:40:00,2020-03-23,41069,63,2246,4657
308722,95690,13068,2020-03-22 21:00:00,2020-03-22,26030,62,1250,2301
282692,93389,11818,2020-03-21 21:00:00,2020-03-21,30707,61,1417,4429
251985,88960,10401,2020-03-20 21:20:00,2020-03-20,28953,60,1254,3243
223032,85717,9147,2020-03-19 21:30:00,2020-03-19,19447,59,922,2940
203585,82777,8225,2020-03-18 22:00:00,2020-03-18,19475,58,1045,2919
184110,79858,7180,2020-03-17 21:00:00,2020-03-17,13014,57,654,2148
171096,77710,6526,2020-03-16 21:00:00,2020-03-16,13282,56,680,1803
157814,75907,5846,2020-03-15 21:00:00,2020-03-15,9997,55,304,3369
147817,72538,5542,2020-03-14 21:00:00,2020-03-14,11971,54,554,2169
135846,70369,4988,2020-03-13 21:00:00,2020-03-13,8112,53,273,2056
127734,68313,4715,2020-03-12 21:00:00,2020-03-12,7120,52,350,1446
120614,66867,4365,2020-03-11 21:00:00,2020-03-11,5937,51,335,2615
114677,64252,4030,2020-03-10 21:00:00,2020-03-10,3402,50,157,1615
111275,62637,3873,2020-03-09 21:00:00,2020-03-09,4030,49,224,1835
107245,60802,3649,2020-03-08 21:00:00,2020-03-08,4651,48,150,3218
102594,57584,3499,2020-03-07 21:00:00,2020-03-07,3672,47,111,1916
98922,55668,3388,2020-03-06 21:00:00,2020-03-06,2699,46,88,1984
96223,53684,3300,2020-03-05 21:00:00,2020-03-05,2669,45,97,2697
93554,50987,3203,2020-03-04 21:00:00,2020-03-04,1379,44,76,2738
92175,48249,3127,2020-03-03 21:00:00,2020-03-03,2405,43,60,3077
89770,45172,3067,2020-03-02 21:00:00,2020-03-02,2786,42,88,2582
86984,42590,2979,2020-03-01 21:00:00,2020-03-01,1312,41,46,2939
85672,39651,2933,2020-02-29 21:00:00,2020-02-29,1812,40,66,2971
83860,36680,2867,2020-02-28 21:00:00,2020-02-28,1362,39,58,3537
82498,33143,2809,2020-02-27 21:00:00,2020-02-27,1277,38,40,2862
81221,30281,2769,2020-02-26 21:00:00,2020-02-26,894,37,63,2458
80327,27823,2706,2020-02-25 21:00:00,2020-02-25,817,36,81,2670
79510,25153,2625,2020-02-24 21:00:00,2020-02-24,626,35,160,1827
78884,23326,2465,2020-02-23 21:00:00,2020-02-23,959,34,103,2093
77925,21233,2362,2020-02-22 21:00:00,2020-02-22,1341,33,113,2428
76584,18805,2249,2020-02-21 21:00:00,2020-02-21,823,32,120,1969
75761,16836,2129,2020-02-20 21:00:00,2020-02-20,471,31,117,1904
75290,14932,2012,2020-02-19 21:00:00,2020-02-19,1866,30,139,1867
73424,13065,1873,2020-02-18 21:00:00,2020-02-18,1982,29,98,1788
71442,11277,1775,2020-02-17 21:00:00,2020-02-17,2160,28,106,1490
69282,9787,1669,2020-02-16 21:00:00,2020-02-16,2097,27,142,1331
67185,8456,1527,2020-02-15 21:00:00,2020-02-15,2732,26,143,1369
64453,7087,1384,2020-02-14 21:00:00,2020-02-14,4059,25,15,868
60394,6219,1369,2020-02-13 21:00:00,2020-02-13,15187,24,253,1184
45207,5035,1116,2020-02-12 21:00:00,2020-02-12,2076,23,98,806
43131,4229,1018,2020-02-11 20:30:00,2020-02-11,2484,22,108,714
40647,3515,910,2020-02-10 21:00:00,2020-02-10,3047,21,96,654
37600,2861,814,2020-02-09 21:00:00,2020-02-09,2644,20,89,505
34956,2356,725,2020-02-08 21:00:00,2020-02-08,3448,19,87,669
31508,1687,638,2020-02-07 21:00:00,2020-02-07,3160,18,73,368
28348,1319,565,2020-02-06 21:00:00,2020-02-06,3732,17,71,339
24616,980,494,2020-02-05 21:00:00,2020-02-05,3939,16,67,279
20677,701,427,2020-02-04 20:00:00,2020-02-04,3194,15,65,202
17483,499,362,2020-02-03 20:00:00,2020-02-03,2855,14,57,151
14628,348,305,2020-02-02 20:00:00,2020-02-02,3254,13,46,96
11374,252,259,2020-02-01 10:00:00,2020-02-01,1599,12,46,65
9775,187,213,2020-01-31 12:30:00,2020-01-31,1992,11,43,54
7783,133,170,2020-01-30 12:00:00,2020-01-30,1726,10,38,23
6057,110,132,2020-01-29 14:00:00,2020-01-29,1584,9,25,47
4473,63,107,2020-01-28 11:30:00,2020-01-28,1679,8,27,9
2794,54,80,2020-01-27 14:00:00,2020-01-27,775,7,23,5
2019,49,57,2020-01-26 13:00:00,2020-01-26,662,6,16,11
1357,38,41,2020-01-25 15:00:00,2020-01-25,476,5,15,4
881,34,26,2020-01-24 15:00:00,2020-01-24,227,4,8,4
654,30,18,2020-01-23 15:00:00,2020-01-23,99,3,1,30
555,0,17,2020-01-22 15:00:00,2020-01-22,223,2,11,0
332,0,6,2020-01-21 15:00:00,2020-01-21,0,1,0,0
