Confirmed,Recovered,Deaths,Date_last_updated_AEDT,date_day,New,DayElapsed,New_death
7632,622,318,2020-04-05 22:00:00,2020-04-05,665,29,23
6967,582,295,2020-04-04 21:00:00,2020-04-04,372,28,23
6595,568,272,2020-04-03 21:00:00,2020-04-03,611,27,18
5984,563,254,2020-04-02 21:00:00,2020-04-02,531,26,29
5453,1,225,2020-04-01 21:00:00,2020-04-01,266,25,6
5187,1,219,2020-03-31 21:00:00,2020-03-31,291,24,15
4896,1,204,2020-03-30 21:00:00,2020-03-30,585,23,15
4311,1,189,2020-03-29 21:00:00,2020-03-29,585,22,14
3726,1,175,2020-03-28 21:00:00,2020-03-28,519,21,25
3207,1,150,2020-03-27 21:10:00,2020-03-27,607,20,17
2600,1,133,2020-03-26 22:20:00,2020-03-26,128,19,8
2472,1,125,2020-03-25 23:20:00,2020-03-25,251,18,14
2221,1,111,2020-03-24 21:20:00,2020-03-24,225,17,16
1996,1,95,2020-03-23 21:40:00,2020-03-23,203,16,1
1793,1,94,2020-03-22 21:00:00,2020-03-22,269,15,11
1524,1,83,2020-03-21 21:00:00,2020-03-21,147,14,9
1377,1,74,2020-03-20 21:20:00,2020-03-20,190,13,6
1187,1,68,2020-03-19 21:30:00,2020-03-19,173,12,13
1014,1,55,2020-03-18 22:00:00,2020-03-18,110,11,7
904,1,48,2020-03-17 21:00:00,2020-03-17,135,10,6
769,1,42,2020-03-16 21:00:00,2020-03-16,127,9,2
642,1,40,2020-03-15 21:00:00,2020-03-15,73,8,3
569,1,37,2020-03-14 21:00:00,2020-03-14,112,7,6
457,1,31,2020-03-13 21:00:00,2020-03-13,84,6,2
373,1,29,2020-03-12 21:00:00,2020-03-12,98,5,5
275,1,24,2020-03-11 21:00:00,2020-03-11,108,4,2
167,1,22,2020-03-10 21:00:00,2020-03-10,31,3,3
136,1,19,2020-03-09 21:00:00,2020-03-09,26,2,3
110,1,16,2020-03-08 21:00:00,2020-03-08,24,1,4
86,1,12,2020-03-07 21:00:00,2020-03-07,11,0,0
75,1,12,2020-03-06 21:00:00,2020-03-06,34,0,2
41,1,10,2020-03-05 21:00:00,2020-03-05,14,0,1
27,1,9,2020-03-04 21:00:00,2020-03-04,9,0,3
18,1,6,2020-03-03 21:00:00,2020-03-03,3,0,4
15,1,2,2020-03-02 21:00:00,2020-03-02,8,0,1
7,1,1,2020-03-01 21:00:00,2020-03-01,4,0,1
3,1,0,2020-02-29 21:00:00,2020-02-29,2,0,0
1,1,0,2020-02-28 21:00:00,2020-02-28,0,0,0
1,1,0,2020-02-27 21:00:00,2020-02-27,0,0,0
1,1,0,2020-02-26 21:00:00,2020-02-26,0,0,0
1,1,0,2020-02-25 21:00:00,2020-02-25,0,0,0
1,1,0,2020-02-24 21:00:00,2020-02-24,0,0,0
1,1,0,2020-02-23 21:00:00,2020-02-23,0,0,0
1,1,0,2020-02-22 21:00:00,2020-02-22,0,0,0
1,1,0,2020-02-21 21:00:00,2020-02-21,0,0,0
1,1,0,2020-02-20 21:00:00,2020-02-20,0,0,0
1,1,0,2020-02-19 21:00:00,2020-02-19,0,0,0
1,1,0,2020-02-18 21:00:00,2020-02-18,0,0,0
1,1,0,2020-02-17 21:00:00,2020-02-17,0,0,0
1,1,0,2020-02-16 21:00:00,2020-02-16,0,0,0
1,1,0,2020-02-15 21:00:00,2020-02-15,0,0,0
1,1,0,2020-02-14 21:00:00,2020-02-14,0,0,0
1,1,0,2020-02-13 21:00:00,2020-02-13,0,0,0
1,1,0,2020-02-12 21:00:00,2020-02-12,0,0,0
1,0,0,2020-02-11 20:30:00,2020-02-11,0,0,0
1,0,0,2020-02-10 21:00:00,2020-02-10,0,0,0
1,0,0,2020-02-09 21:00:00,2020-02-09,0,0,0
1,0,0,2020-02-08 21:00:00,2020-02-08,0,0,0
1,0,0,2020-02-07 21:00:00,2020-02-07,0,0,0
1,0,0,2020-02-06 21:00:00,2020-02-06,0,0,0
1,0,0,2020-02-05 21:00:00,2020-02-05,0,0,0
1,0,0,2020-02-04 20:00:00,2020-02-04,0,0,0
1,0,0,2020-02-03 20:00:00,2020-02-03,0,0,0
1,0,0,2020-02-02 20:00:00,2020-02-02,0,0,0
1,0,0,2020-02-01 10:00:00,2020-02-01,0,0,0
1,0,0,2020-01-31 12:30:00,2020-01-31,0,0,0
1,0,0,2020-01-30 12:00:00,2020-01-30,0,0,0
1,0,0,2020-01-29 14:00:00,2020-01-29,0,0,0
1,0,0,2020-01-28 11:30:00,2020-01-28,0,0,0
1,0,0,2020-01-27 14:00:00,2020-01-27,0,0,0
1,0,0,2020-01-26 13:00:00,2020-01-26,0,0,0
1,0,0,2020-01-25 15:00:00,2020-01-25,0,0,0
1,0,0,2020-01-24 15:00:00,2020-01-24,0,0,0
1,0,0,2020-01-23 15:00:00,2020-01-23,0,0,0
1,0,0,2020-01-22 15:00:00,2020-01-22,0,0,0
1,0,0,2020-01-21 15:00:00,2020-01-21,0,0,0
