Confirmed,Recovered,Deaths,Date_last_updated_AEDT,date_day,New,DayElapsed,New_death
2320,1,75,2020-04-06 22:00:00,2020-04-06,192,19,15
2128,1,60,2020-04-05 22:00:00,2020-04-05,116,18,9
2012,1,51,2020-04-04 21:00:00,2020-04-04,264,17,13
1748,1,38,2020-04-03 21:00:00,2020-04-03,175,16,10
1573,1,28,2020-04-02 21:00:00,2020-04-02,161,15,3
1412,1,25,2020-04-01 21:00:00,2020-04-01,127,14,1
1285,1,24,2020-03-31 21:00:00,2020-03-31,121,13,6
1164,1,18,2020-03-30 21:00:00,2020-03-30,109,12,1
1055,1,17,2020-03-29 21:00:00,2020-03-29,129,11,3
926,1,14,2020-03-28 21:00:00,2020-03-28,198,10,4
728,1,10,2020-03-27 21:10:00,2020-03-27,90,9,3
638,1,7,2020-03-26 22:20:00,2020-03-26,151,8,2
487,1,5,2020-03-25 23:20:00,2020-03-25,62,7,0
425,1,5,2020-03-24 21:20:00,2020-03-24,42,6,1
383,1,4,2020-03-23 21:40:00,2020-03-23,101,5,0
282,1,4,2020-03-22 21:00:00,2020-03-22,63,4,1
219,1,3,2020-03-21 21:00:00,2020-03-21,59,3,1
160,1,2,2020-03-20 21:20:00,2020-03-20,46,2,2
114,1,0,2020-03-19 21:30:00,2020-03-19,24,1,0
90,1,0,2020-03-18 22:00:00,2020-03-18,42,0,0
48,1,0,2020-03-17 21:00:00,2020-03-17,14,0,0
34,1,0,2020-03-16 21:00:00,2020-03-16,7,0,0
27,1,0,2020-03-15 21:00:00,2020-03-15,8,0,0
19,1,0,2020-03-14 21:00:00,2020-03-14,11,0,0
8,1,0,2020-03-13 21:00:00,2020-03-13,2,0,0
6,1,0,2020-03-12 21:00:00,2020-03-12,3,0,0
3,1,0,2020-03-11 21:00:00,2020-03-11,1,0,0
2,1,0,2020-03-10 21:00:00,2020-03-10,1,0,0
1,1,0,2020-03-09 21:00:00,2020-03-09,0,0,0
1,1,0,2020-03-08 21:00:00,2020-03-08,0,0,0
1,1,0,2020-03-07 21:00:00,2020-03-07,0,0,0
1,1,0,2020-03-06 21:00:00,2020-03-06,0,0,0
1,0,0,2020-03-05 21:00:00,2020-03-05,0,0,0
1,0,0,2020-03-04 21:00:00,2020-03-04,0,0,0
1,0,0,2020-03-03 21:00:00,2020-03-03,0,0,0
1,0,0,2020-03-02 21:00:00,2020-03-02,0,0,0
1,0,0,2020-03-01 21:00:00,2020-03-01,0,0,0
1,0,0,2020-02-29 21:00:00,2020-02-29,0,0,0
1,0,0,2020-02-28 21:00:00,2020-02-28,0,0,0
1,0,0,2020-02-27 21:00:00,2020-02-27,0,0,0
1,0,0,2020-02-26 21:00:00,2020-02-26,0,0,0
1,0,0,2020-02-25 21:00:00,2020-02-25,0,0,0
1,0,0,2020-02-24 21:00:00,2020-02-24,0,0,0
1,0,0,2020-02-23 21:00:00,2020-02-23,0,0,0
1,0,0,2020-02-22 21:00:00,2020-02-22,0,0,0
1,0,0,2020-02-21 21:00:00,2020-02-21,0,0,0
1,0,0,2020-02-20 21:00:00,2020-02-20,0,0,0
1,0,0,2020-02-19 21:00:00,2020-02-19,1,0,0
0,0,0,2020-02-18 21:00:00,2020-02-18,0,0,0
0,0,0,2020-02-17 21:00:00,2020-02-17,0,0,0
0,0,0,2020-02-16 21:00:00,2020-02-16,0,0,0
0,0,0,2020-02-15 21:00:00,2020-02-15,0,0,0
0,0,0,2020-02-14 21:00:00,2020-02-14,0,0,0
0,0,0,2020-02-13 21:00:00,2020-02-13,0,0,0
0,0,0,2020-02-12 21:00:00,2020-02-12,0,0,0
0,0,0,2020-02-11 20:30:00,2020-02-11,0,0,0
0,0,0,2020-02-10 21:00:00,2020-02-10,0,0,0
0,0,0,2020-02-09 21:00:00,2020-02-09,0,0,0
0,0,0,2020-02-08 21:00:00,2020-02-08,0,0,0
0,0,0,2020-02-07 21:00:00,2020-02-07,0,0,0
0,0,0,2020-02-06 21:00:00,2020-02-06,0,0,0
0,0,0,2020-02-05 21:00:00,2020-02-05,0,0,0
0,0,0,2020-02-04 20:00:00,2020-02-04,0,0,0
0,0,0,2020-02-03 20:00:00,2020-02-03,0,0,0
0,0,0,2020-02-02 20:00:00,2020-02-02,0,0,0
0,0,0,2020-02-01 10:00:00,2020-02-01,0,0,0
0,0,0,2020-01-31 12:30:00,2020-01-31,0,0,0
0,0,0,2020-01-30 12:00:00,2020-01-30,0,0,0
0,0,0,2020-01-29 14:00:00,2020-01-29,0,0,0
0,0,0,2020-01-28 11:30:00,2020-01-28,0,0,0
0,0,0,2020-01-27 14:00:00,2020-01-27,0,0,0
0,0,0,2020-01-26 13:00:00,2020-01-26,0,0,0
0,0,0,2020-01-25 15:00:00,2020-01-25,0,0,0
0,0,0,2020-01-24 15:00:00,2020-01-24,0,0,0
0,0,0,2020-01-23 15:00:00,2020-01-23,0,0,0
0,0,0,2020-01-22 15:00:00,2020-01-22,0,0,0
0,0,0,2020-01-21 15:00:00,2020-01-21,0,0,0
